Segment (0, 0): 300, 0, 425, 300, 671, 600, 949, 901, 901, 600, 949, 671, 1083, 849, 1274, 1083
Segment (0, 1): 300, 0, 405, 271, 620, 543, 868, 814, 901, 600, 941, 659, 1052, 810, 1214, 1012
Segment (0, 2): 300, 0, 383, 238, 563, 476, 775, 714, 901, 600, 932, 646, 1019, 766, 1150, 933
Segment (0, 3): 300, 0, 361, 201, 501, 401, 673, 602, 901, 600, 923, 633, 986, 722, 1083, 850
Segment (0, 4): 300, 0, 340, 160, 438, 319, 565, 479, 901, 600, 915, 621, 956, 680, 1020, 768
Segment (0, 5): 300, 0, 322, 116, 380, 232, 460, 348, 901, 600, 908, 612, 930, 644, 966, 694
Segment (0, 6): 300, 0, 308, 70, 332, 141, 367, 211, 901, 600, 903, 605, 912, 617, 925, 637
Segment (0, 7): 300, 0, 301, 24, 304, 47, 308, 71, 901, 600, 901, 601, 902, 602, 903, 605
Segment (0, 8): 308, 71, 304, 47, 301, 24, 300, 0, 903, 605, 902, 602, 901, 601, 901, 600
Segment (0, 9): 367, 211, 332, 141, 308, 70, 300, 0, 925, 637, 912, 617, 903, 605, 901, 600
Segment (0, 10): 460, 348, 380, 232, 322, 116, 300, 0, 966, 694, 930, 644, 908, 612, 901, 600
Segment (0, 11): 565, 479, 438, 319, 340, 160, 300, 0, 1020, 768, 956, 680, 915, 621, 901, 600
Segment (0, 12): 673, 602, 501, 401, 361, 201, 300, 0, 1083, 850, 986, 722, 923, 633, 901, 600
Segment (0, 13): 775, 714, 563, 476, 383, 238, 300, 0, 1150, 933, 1019, 766, 932, 646, 901, 600
Segment (0, 14): 868, 814, 620, 543, 405, 271, 300, 0, 1214, 1012, 1052, 810, 941, 659, 901, 600
Segment (0, 15): 949, 901, 671, 600, 425, 300, 300, 0, 1274, 1083, 1083, 849, 949, 671, 901, 600
Segment (1, 0): 271, 0, 405, 300, 659, 600, 941, 901, 814, 543, 868, 620, 1012, 810, 1214, 1052
Segment (1, 1): 271, 0, 384, 271, 607, 543, 859, 814, 814, 543, 859, 607, 979, 768, 1152, 979
Segment (1, 2): 271, 0, 361, 238, 548, 476, 764, 714, 814, 543, 849, 593, 943, 722, 1083, 897
Segment (1, 3): 271, 0, 338, 201, 484, 401, 660, 602, 814, 543, 839, 579, 908, 675, 1013, 811
Segment (1, 4): 271, 0, 315, 160, 419, 319, 551, 479, 814, 543, 830, 566, 875, 630, 945, 724
Segment (1, 5): 271, 0, 295, 116, 357, 232, 442, 348, 814, 543, 823, 555, 847, 591, 886, 645
Segment (1, 6): 271, 0, 280, 70, 306, 141, 344, 211, 814, 543, 817, 548, 827, 561, 841, 583
Segment (1, 7): 271, 0, 273, 24, 276, 47, 281, 71, 814, 543, 815, 543, 816, 545, 818, 548
Segment (1, 8): 281, 71, 276, 47, 273, 24, 271, 0, 818, 548, 816, 545, 815, 543, 814, 543
Segment (1, 9): 344, 211, 306, 141, 280, 70, 271, 0, 841, 583, 827, 561, 817, 548, 814, 543
Segment (1, 10): 442, 348, 357, 232, 295, 116, 271, 0, 886, 645, 847, 591, 823, 555, 814, 543
Segment (1, 11): 551, 479, 419, 319, 315, 160, 271, 0, 945, 724, 875, 630, 830, 566, 814, 543
Segment (1, 12): 660, 602, 484, 401, 338, 201, 271, 0, 1013, 811, 908, 675, 839, 579, 814, 543
Segment (1, 13): 764, 714, 548, 476, 361, 238, 271, 0, 1083, 897, 943, 722, 849, 593, 814, 543
Segment (1, 14): 859, 814, 607, 543, 384, 271, 271, 0, 1152, 979, 979, 768, 859, 607, 814, 543
Segment (1, 15): 941, 901, 659, 600, 405, 300, 271, 0, 1214, 1052, 1012, 810, 868, 620, 814, 543
Segment (2, 0): 238, 0, 383, 300, 646, 600, 932, 901, 714, 476, 775, 563, 933, 766, 1150, 1019
Segment (2, 1): 238, 0, 361, 271, 593, 543, 849, 814, 714, 476, 764, 548, 897, 722, 1083, 943
Segment (2, 2): 238, 0, 337, 238, 532, 476, 753, 714, 714, 476, 753, 532, 858, 673, 1010, 858
Segment (2, 3): 238, 0, 311, 201, 467, 401, 647, 602, 714, 476, 742, 517, 819, 623, 934, 767
Segment (2, 4): 238, 0, 287, 160, 398, 319, 535, 479, 714, 476, 732, 502, 782, 573, 860, 675
Segment (2, 5): 238, 0, 265, 116, 333, 232, 422, 348, 714, 476, 724, 490, 751, 530, 795, 590
Segment (2, 6): 238, 0, 248, 70, 277, 141, 318, 211, 714, 476, 718, 481, 728, 497, 745, 521
Segment (2, 7): 238, 0, 239, 24, 243, 47, 248, 71, 714, 476, 715, 477, 716, 479, 718, 481
Segment (2, 8): 248, 71, 243, 47, 239, 24, 238, 0, 718, 481, 716, 479, 715, 477, 714, 476
Segment (2, 9): 318, 211, 277, 141, 248, 70, 238, 0, 745, 521, 728, 497, 718, 481, 714, 476
Segment (2, 10): 422, 348, 333, 232, 265, 116, 238, 0, 795, 590, 751, 530, 724, 490, 714, 476
Segment (2, 11): 535, 479, 398, 319, 287, 160, 238, 0, 860, 675, 782, 573, 732, 502, 714, 476
Segment (2, 12): 647, 602, 467, 401, 311, 201, 238, 0, 934, 767, 819, 623, 742, 517, 714, 476
Segment (2, 13): 753, 714, 532, 476, 337, 238, 238, 0, 1010, 858, 858, 673, 753, 532, 714, 476
Segment (2, 14): 849, 814, 593, 543, 361, 271, 238, 0, 1083, 943, 897, 722, 764, 548, 714, 476
Segment (2, 15): 932, 901, 646, 600, 383, 300, 238, 0, 1150, 1019, 933, 766, 775, 563, 714, 476
Segment (3, 0): 201, 0, 361, 300, 633, 600, 923, 901, 602, 401, 673, 501, 850, 722, 1083, 986
Segment (3, 1): 201, 0, 338, 271, 579, 543, 839, 814, 602, 401, 660, 484, 811, 675, 1013, 908
Segment (3, 2): 201, 0, 311, 238, 517, 476, 742, 714, 602, 401, 647, 467, 767, 623, 934, 819
Segment (3, 3): 201, 0, 284, 201, 449, 401, 634, 602, 602, 401, 634, 449, 723, 567, 851, 723
Segment (3, 4): 201, 0, 256, 160, 377, 319, 519, 479, 602, 401, 623, 432, 681, 513, 769, 625
Segment (3, 5): 201, 0, 232, 116, 307, 232, 402, 348, 602, 401, 613, 418, 645, 464, 695, 531
Segment (3, 6): 201, 0, 213, 70, 245, 141, 291, 211, 602, 401, 606, 407, 618, 425, 638, 453
Segment (3, 7): 201, 0, 202, 24, 206, 47, 213, 71, 602, 401, 602, 402, 604, 404, 606, 407
Segment (3, 8): 213, 71, 206, 47, 202, 24, 201, 0, 606, 407, 604, 404, 602, 402, 602, 401
Segment (3, 9): 291, 211, 245, 141, 213, 70, 201, 0, 638, 453, 618, 425, 606, 407, 602, 401
Segment (3, 10): 402, 348, 307, 232, 232, 116, 201, 0, 695, 531, 645, 464, 613, 418, 602, 401
Segment (3, 11): 519, 479, 377, 319, 256, 160, 201, 0, 769, 625, 681, 513, 623, 432, 602, 401
Segment (3, 12): 634, 602, 449, 401, 284, 201, 201, 0, 851, 723, 723, 567, 634, 449, 602, 401
Segment (3, 13): 742, 714, 517, 476, 311, 238, 201, 0, 934, 819, 767, 623, 647, 467, 602, 401
Segment (3, 14): 839, 814, 579, 543, 338, 271, 201, 0, 1013, 908, 811, 675, 660, 484, 602, 401
Segment (3, 15): 923, 901, 633, 600, 361, 300, 201, 0, 1083, 986, 850, 722, 673, 501, 602, 401
Segment (4, 0): 160, 0, 340, 300, 621, 600, 915, 901, 479, 319, 565, 438, 768, 680, 1020, 956
Segment (4, 1): 160, 0, 315, 271, 566, 543, 830, 814, 479, 319, 551, 419, 724, 630, 945, 875
Segment (4, 2): 160, 0, 287, 238, 502, 476, 732, 714, 479, 319, 535, 398, 675, 573, 860, 782
Segment (4, 3): 160, 0, 256, 201, 432, 401, 623, 602, 479, 319, 519, 377, 625, 513, 769, 681
Segment (4, 4): 160, 0, 226, 160, 357, 319, 505, 479, 479, 319, 505, 357, 576, 452, 678, 576
Segment (4, 5): 160, 0, 197, 116, 282, 232, 383, 348, 479, 319, 493, 340, 532, 395, 592, 473
Segment (4, 6): 160, 0, 175, 70, 213, 141, 265, 211, 479, 319, 484, 327, 499, 349, 524, 383
Segment (4, 7): 160, 0, 161, 24, 167, 47, 175, 71, 479, 319, 480, 320, 481, 323, 484, 327
Segment (4, 8): 175, 71, 167, 47, 161, 24, 160, 0, 484, 327, 481, 323, 480, 320, 479, 319
Segment (4, 9): 265, 211, 213, 141, 175, 70, 160, 0, 524, 383, 499, 349, 484, 327, 479, 319
Segment (4, 10): 383, 348, 282, 232, 197, 116, 160, 0, 592, 473, 532, 395, 493, 340, 479, 319
Segment (4, 11): 505, 479, 357, 319, 226, 160, 160, 0, 678, 576, 576, 452, 505, 357, 479, 319
Segment (4, 12): 623, 602, 432, 401, 256, 201, 160, 0, 769, 681, 625, 513, 519, 377, 479, 319
Segment (4, 13): 732, 714, 502, 476, 287, 238, 160, 0, 860, 782, 675, 573, 535, 398, 479, 319
Segment (4, 14): 830, 814, 566, 543, 315, 271, 160, 0, 945, 875, 724, 630, 551, 419, 479, 319
Segment (4, 15): 915, 901, 621, 600, 340, 300, 160, 0, 1020, 956, 768, 680, 565, 438, 479, 319
Segment (5, 0): 116, 0, 322, 300, 612, 600, 908, 901, 348, 232, 460, 380, 694, 644, 966, 930
Segment (5, 1): 116, 0, 295, 271, 555, 543, 823, 814, 348, 232, 442, 357, 645, 591, 886, 847
Segment (5, 2): 116, 0, 265, 238, 490, 476, 724, 714, 348, 232, 422, 333, 590, 530, 795, 751
Segment (5, 3): 116, 0, 232, 201, 418, 401, 613, 602, 348, 232, 402, 307, 531, 464, 695, 645
Segment (5, 4): 116, 0, 197, 160, 340, 319, 493, 479, 348, 232, 383, 282, 473, 395, 592, 532
Segment (5, 5): 116, 0, 164, 116, 260, 232, 367, 348, 348, 232, 367, 260, 418, 328, 492, 418
Segment (5, 6): 116, 0, 136, 70, 183, 141, 241, 211, 348, 232, 355, 243, 376, 272, 407, 314
Segment (5, 7): 116, 0, 118, 24, 125, 47, 136, 71, 348, 232, 349, 233, 351, 237, 355, 243
Segment (5, 8): 136, 71, 125, 47, 118, 24, 116, 0, 355, 243, 351, 237, 349, 233, 348, 232
Segment (5, 9): 241, 211, 183, 141, 136, 70, 116, 0, 407, 314, 376, 272, 355, 243, 348, 232
Segment (5, 10): 367, 348, 260, 232, 164, 116, 116, 0, 492, 418, 418, 328, 367, 260, 348, 232
Segment (5, 11): 493, 479, 340, 319, 197, 160, 116, 0, 592, 532, 473, 395, 383, 282, 348, 232
Segment (5, 12): 613, 602, 418, 401, 232, 201, 116, 0, 695, 645, 531, 464, 402, 307, 348, 232
Segment (5, 13): 724, 714, 490, 476, 265, 238, 116, 0, 795, 751, 590, 530, 422, 333, 348, 232
Segment (5, 14): 823, 814, 555, 543, 295, 271, 116, 0, 886, 847, 645, 591, 442, 357, 348, 232
Segment (5, 15): 908, 901, 612, 600, 322, 300, 116, 0, 966, 930, 694, 644, 460, 380, 348, 232
Segment (6, 0): 70, 0, 308, 300, 605, 600, 903, 901, 211, 141, 367, 332, 637, 617, 925, 912
Segment (6, 1): 70, 0, 280, 271, 548, 543, 817, 814, 211, 141, 344, 306, 583, 561, 841, 827
Segment (6, 2): 70, 0, 248, 238, 481, 476, 718, 714, 211, 141, 318, 277, 521, 497, 745, 728
Segment (6, 3): 70, 0, 213, 201, 407, 401, 606, 602, 211, 141, 291, 245, 453, 425, 638, 618
Segment (6, 4): 70, 0, 175, 160, 327, 319, 484, 479, 211, 141, 265, 213, 383, 349, 524, 499
Segment (6, 5): 70, 0, 136, 116, 243, 232, 355, 348, 211, 141, 241, 183, 314, 272, 407, 376
Segment (6, 6): 70, 0, 100, 70, 158, 141, 223, 211, 211, 141, 223, 158, 254, 199, 299, 254
Segment (6, 7): 70, 0, 74, 24, 85, 47, 100, 71, 211, 141, 213, 143, 217, 149, 223, 158
Segment (6, 8): 100, 71, 85, 47, 74, 24, 70, 0, 223, 158, 217, 149, 213, 143, 211, 141
Segment (6, 9): 223, 211, 158, 141, 100, 70, 70, 0, 299, 254, 254, 199, 223, 158, 211, 141
Segment (6, 10): 355, 348, 243, 232, 136, 116, 70, 0, 407, 376, 314, 272, 241, 183, 211, 141
Segment (6, 11): 484, 479, 327, 319, 175, 160, 70, 0, 524, 499, 383, 349, 265, 213, 211, 141
Segment (6, 12): 606, 602, 407, 401, 213, 201, 70, 0, 638, 618, 453, 425, 291, 245, 211, 141
Segment (6, 13): 718, 714, 481, 476, 248, 238, 70, 0, 745, 728, 521, 497, 318, 277, 211, 141
Segment (6, 14): 817, 814, 548, 543, 280, 271, 70, 0, 841, 827, 583, 561, 344, 306, 211, 141
Segment (6, 15): 903, 901, 605, 600, 308, 300, 70, 0, 925, 912, 637, 617, 367, 332, 211, 141
Segment (7, 0): 24, 0, 301, 300, 601, 600, 901, 901, 71, 47, 308, 304, 605, 602, 903, 902
Segment (7, 1): 24, 0, 273, 271, 543, 543, 815, 814, 71, 47, 281, 276, 548, 545, 818, 816
Segment (7, 2): 24, 0, 239, 238, 477, 476, 715, 714, 71, 47, 248, 243, 481, 479, 718, 716
Segment (7, 3): 24, 0, 202, 201, 402, 401, 602, 602, 71, 47, 213, 206, 407, 404, 606, 604
Segment (7, 4): 24, 0, 161, 160, 320, 319, 480, 479, 71, 47, 175, 167, 327, 323, 484, 481
Segment (7, 5): 24, 0, 118, 116, 233, 232, 349, 348, 71, 47, 136, 125, 243, 237, 355, 351
Segment (7, 6): 24, 0, 74, 70, 143, 141, 213, 211, 71, 47, 100, 85, 158, 149, 223, 217
Segment (7, 7): 24, 0, 33, 24, 53, 47, 75, 71, 71, 47, 75, 53, 85, 67, 100, 85
Segment (7, 8): 75, 71, 53, 47, 33, 24, 24, 0, 100, 85, 85, 67, 75, 53, 71, 47
Segment (7, 9): 213, 211, 143, 141, 74, 70, 24, 0, 223, 217, 158, 149, 100, 85, 71, 47
Segment (7, 10): 349, 348, 233, 232, 118, 116, 24, 0, 355, 351, 243, 237, 136, 125, 71, 47
Segment (7, 11): 480, 479, 320, 319, 161, 160, 24, 0, 484, 481, 327, 323, 175, 167, 71, 47
Segment (7, 12): 602, 602, 402, 401, 202, 201, 24, 0, 606, 604, 407, 404, 213, 206, 71, 47
Segment (7, 13): 715, 714, 477, 476, 239, 238, 24, 0, 718, 716, 481, 479, 248, 243, 71, 47
Segment (7, 14): 815, 814, 543, 543, 273, 271, 24, 0, 818, 816, 548, 545, 281, 276, 71, 47
Segment (7, 15): 901, 901, 601, 600, 301, 300, 24, 0, 903, 902, 605, 602, 308, 304, 71, 47
Segment (8, 0): 47, 71, 304, 308, 602, 605, 902, 903, 0, 24, 300, 301, 600, 601, 901, 901
Segment (8, 1): 47, 71, 276, 281, 545, 548, 816, 818, 0, 24, 271, 273, 543, 543, 814, 815
Segment (8, 2): 47, 71, 243, 248, 479, 481, 716, 718, 0, 24, 238, 239, 476, 477, 714, 715
Segment (8, 3): 47, 71, 206, 213, 404, 407, 604, 606, 0, 24, 201, 202, 401, 402, 602, 602
Segment (8, 4): 47, 71, 167, 175, 323, 327, 481, 484, 0, 24, 160, 161, 319, 320, 479, 480
Segment (8, 5): 47, 71, 125, 136, 237, 243, 351, 355, 0, 24, 116, 118, 232, 233, 348, 349
Segment (8, 6): 47, 71, 85, 100, 149, 158, 217, 223, 0, 24, 70, 74, 141, 143, 211, 213
Segment (8, 7): 47, 71, 53, 75, 67, 85, 85, 100, 0, 24, 24, 33, 47, 53, 71, 75
Segment (8, 8): 85, 100, 67, 85, 53, 75, 47, 71, 71, 75, 47, 53, 24, 33, 0, 24
Segment (8, 9): 217, 223, 149, 158, 85, 100, 47, 71, 211, 213, 141, 143, 70, 74, 0, 24
Segment (8, 10): 351, 355, 237, 243, 125, 136, 47, 71, 348, 349, 232, 233, 116, 118, 0, 24
Segment (8, 11): 481, 484, 323, 327, 167, 175, 47, 71, 479, 480, 319, 320, 160, 161, 0, 24
Segment (8, 12): 604, 606, 404, 407, 206, 213, 47, 71, 602, 602, 401, 402, 201, 202, 0, 24
Segment (8, 13): 716, 718, 479, 481, 243, 248, 47, 71, 714, 715, 476, 477, 238, 239, 0, 24
Segment (8, 14): 816, 818, 545, 548, 276, 281, 47, 71, 814, 815, 543, 543, 271, 273, 0, 24
Segment (8, 15): 902, 903, 602, 605, 304, 308, 47, 71, 901, 901, 600, 601, 300, 301, 0, 24
Segment (9, 0): 141, 211, 332, 367, 617, 637, 912, 925, 0, 70, 300, 308, 600, 605, 901, 903
Segment (9, 1): 141, 211, 306, 344, 561, 583, 827, 841, 0, 70, 271, 280, 543, 548, 814, 817
Segment (9, 2): 141, 211, 277, 318, 497, 521, 728, 745, 0, 70, 238, 248, 476, 481, 714, 718
Segment (9, 3): 141, 211, 245, 291, 425, 453, 618, 638, 0, 70, 201, 213, 401, 407, 602, 606
Segment (9, 4): 141, 211, 213, 265, 349, 383, 499, 524, 0, 70, 160, 175, 319, 327, 479, 484
Segment (9, 5): 141, 211, 183, 241, 272, 314, 376, 407, 0, 70, 116, 136, 232, 243, 348, 355
Segment (9, 6): 141, 211, 158, 223, 199, 254, 254, 299, 0, 70, 70, 100, 141, 158, 211, 223
Segment (9, 7): 141, 211, 143, 213, 149, 217, 158, 223, 0, 70, 24, 74, 47, 85, 71, 100
Segment (9, 8): 158, 223, 149, 217, 143, 213, 141, 211, 71, 100, 47, 85, 24, 74, 0, 70
Segment (9, 9): 254, 299, 199, 254, 158, 223, 141, 211, 211, 223, 141, 158, 70, 100, 0, 70
Segment (9, 10): 376, 407, 272, 314, 183, 241, 141, 211, 348, 355, 232, 243, 116, 136, 0, 70
Segment (9, 11): 499, 524, 349, 383, 213, 265, 141, 211, 479, 484, 319, 327, 160, 175, 0, 70
Segment (9, 12): 618, 638, 425, 453, 245, 291, 141, 211, 602, 606, 401, 407, 201, 213, 0, 70
Segment (9, 13): 728, 745, 497, 521, 277, 318, 141, 211, 714, 718, 476, 481, 238, 248, 0, 70
Segment (9, 14): 827, 841, 561, 583, 306, 344, 141, 211, 814, 817, 543, 548, 271, 280, 0, 70
Segment (9, 15): 912, 925, 617, 637, 332, 367, 141, 211, 901, 903, 600, 605, 300, 308, 0, 70
Segment (10, 0): 232, 348, 380, 460, 644, 694, 930, 966, 0, 116, 300, 322, 600, 612, 901, 908
Segment (10, 1): 232, 348, 357, 442, 591, 645, 847, 886, 0, 116, 271, 295, 543, 555, 814, 823
Segment (10, 2): 232, 348, 333, 422, 530, 590, 751, 795, 0, 116, 238, 265, 476, 490, 714, 724
Segment (10, 3): 232, 348, 307, 402, 464, 531, 645, 695, 0, 116, 201, 232, 401, 418, 602, 613
Segment (10, 4): 232, 348, 282, 383, 395, 473, 532, 592, 0, 116, 160, 197, 319, 340, 479, 493
Segment (10, 5): 232, 348, 260, 367, 328, 418, 418, 492, 0, 116, 116, 164, 232, 260, 348, 367
Segment (10, 6): 232, 348, 243, 355, 272, 376, 314, 407, 0, 116, 70, 136, 141, 183, 211, 241
Segment (10, 7): 232, 348, 233, 349, 237, 351, 243, 355, 0, 116, 24, 118, 47, 125, 71, 136
Segment (10, 8): 243, 355, 237, 351, 233, 349, 232, 348, 71, 136, 47, 125, 24, 118, 0, 116
Segment (10, 9): 314, 407, 272, 376, 243, 355, 232, 348, 211, 241, 141, 183, 70, 136, 0, 116
Segment (10, 10): 418, 492, 328, 418, 260, 367, 232, 348, 348, 367, 232, 260, 116, 164, 0, 116
Segment (10, 11): 532, 592, 395, 473, 282, 383, 232, 348, 479, 493, 319, 340, 160, 197, 0, 116
Segment (10, 12): 645, 695, 464, 531, 307, 402, 232, 348, 602, 613, 401, 418, 201, 232, 0, 116
Segment (10, 13): 751, 795, 530, 590, 333, 422, 232, 348, 714, 724, 476, 490, 238, 265, 0, 116
Segment (10, 14): 847, 886, 591, 645, 357, 442, 232, 348, 814, 823, 543, 555, 271, 295, 0, 116
Segment (10, 15): 930, 966, 644, 694, 380, 460, 232, 348, 901, 908, 600, 612, 300, 322, 0, 116
Segment (11, 0): 319, 479, 438, 565, 680, 768, 956, 1020, 0, 160, 300, 340, 600, 621, 901, 915
Segment (11, 1): 319, 479, 419, 551, 630, 724, 875, 945, 0, 160, 271, 315, 543, 566, 814, 830
Segment (11, 2): 319, 479, 398, 535, 573, 675, 782, 860, 0, 160, 238, 287, 476, 502, 714, 732
Segment (11, 3): 319, 479, 377, 519, 513, 625, 681, 769, 0, 160, 201, 256, 401, 432, 602, 623
Segment (11, 4): 319, 479, 357, 505, 452, 576, 576, 678, 0, 160, 160, 226, 319, 357, 479, 505
Segment (11, 5): 319, 479, 340, 493, 395, 532, 473, 592, 0, 160, 116, 197, 232, 282, 348, 383
Segment (11, 6): 319, 479, 327, 484, 349, 499, 383, 524, 0, 160, 70, 175, 141, 213, 211, 265
Segment (11, 7): 319, 479, 320, 480, 323, 481, 327, 484, 0, 160, 24, 161, 47, 167, 71, 175
Segment (11, 8): 327, 484, 323, 481, 320, 480, 319, 479, 71, 175, 47, 167, 24, 161, 0, 160
Segment (11, 9): 383, 524, 349, 499, 327, 484, 319, 479, 211, 265, 141, 213, 70, 175, 0, 160
Segment (11, 10): 473, 592, 395, 532, 340, 493, 319, 479, 348, 383, 232, 282, 116, 197, 0, 160
Segment (11, 11): 576, 678, 452, 576, 357, 505, 319, 479, 479, 505, 319, 357, 160, 226, 0, 160
Segment (11, 12): 681, 769, 513, 625, 377, 519, 319, 479, 602, 623, 401, 432, 201, 256, 0, 160
Segment (11, 13): 782, 860, 573, 675, 398, 535, 319, 479, 714, 732, 476, 502, 238, 287, 0, 160
Segment (11, 14): 875, 945, 630, 724, 419, 551, 319, 479, 814, 830, 543, 566, 271, 315, 0, 160
Segment (11, 15): 956, 1020, 680, 768, 438, 565, 319, 479, 901, 915, 600, 621, 300, 340, 0, 160
Segment (12, 0): 401, 602, 501, 673, 722, 850, 986, 1083, 0, 201, 300, 361, 600, 633, 901, 923
Segment (12, 1): 401, 602, 484, 660, 675, 811, 908, 1013, 0, 201, 271, 338, 543, 579, 814, 839
Segment (12, 2): 401, 602, 467, 647, 623, 767, 819, 934, 0, 201, 238, 311, 476, 517, 714, 742
Segment (12, 3): 401, 602, 449, 634, 567, 723, 723, 851, 0, 201, 201, 284, 401, 449, 602, 634
Segment (12, 4): 401, 602, 432, 623, 513, 681, 625, 769, 0, 201, 160, 256, 319, 377, 479, 519
Segment (12, 5): 401, 602, 418, 613, 464, 645, 531, 695, 0, 201, 116, 232, 232, 307, 348, 402
Segment (12, 6): 401, 602, 407, 606, 425, 618, 453, 638, 0, 201, 70, 213, 141, 245, 211, 291
Segment (12, 7): 401, 602, 402, 602, 404, 604, 407, 606, 0, 201, 24, 202, 47, 206, 71, 213
Segment (12, 8): 407, 606, 404, 604, 402, 602, 401, 602, 71, 213, 47, 206, 24, 202, 0, 201
Segment (12, 9): 453, 638, 425, 618, 407, 606, 401, 602, 211, 291, 141, 245, 70, 213, 0, 201
Segment (12, 10): 531, 695, 464, 645, 418, 613, 401, 602, 348, 402, 232, 307, 116, 232, 0, 201
Segment (12, 11): 625, 769, 513, 681, 432, 623, 401, 602, 479, 519, 319, 377, 160, 256, 0, 201
Segment (12, 12): 723, 851, 567, 723, 449, 634, 401, 602, 602, 634, 401, 449, 201, 284, 0, 201
Segment (12, 13): 819, 934, 623, 767, 467, 647, 401, 602, 714, 742, 476, 517, 238, 311, 0, 201
Segment (12, 14): 908, 1013, 675, 811, 484, 660, 401, 602, 814, 839, 543, 579, 271, 338, 0, 201
Segment (12, 15): 986, 1083, 722, 850, 501, 673, 401, 602, 901, 923, 600, 633, 300, 361, 0, 201
Segment (13, 0): 476, 714, 563, 775, 766, 933, 1019, 1150, 0, 238, 300, 383, 600, 646, 901, 932
Segment (13, 1): 476, 714, 548, 764, 722, 897, 943, 1083, 0, 238, 271, 361, 543, 593, 814, 849
Segment (13, 2): 476, 714, 532, 753, 673, 858, 858, 1010, 0, 238, 238, 337, 476, 532, 714, 753
Segment (13, 3): 476, 714, 517, 742, 623, 819, 767, 934, 0, 238, 201, 311, 401, 467, 602, 647
Segment (13, 4): 476, 714, 502, 732, 573, 782, 675, 860, 0, 238, 160, 287, 319, 398, 479, 535
Segment (13, 5): 476, 714, 490, 724, 530, 751, 590, 795, 0, 238, 116, 265, 232, 333, 348, 422
Segment (13, 6): 476, 714, 481, 718, 497, 728, 521, 745, 0, 238, 70, 248, 141, 277, 211, 318
Segment (13, 7): 476, 714, 477, 715, 479, 716, 481, 718, 0, 238, 24, 239, 47, 243, 71, 248
Segment (13, 8): 481, 718, 479, 716, 477, 715, 476, 714, 71, 248, 47, 243, 24, 239, 0, 238
Segment (13, 9): 521, 745, 497, 728, 481, 718, 476, 714, 211, 318, 141, 277, 70, 248, 0, 238
Segment (13, 10): 590, 795, 530, 751, 490, 724, 476, 714, 348, 422, 232, 333, 116, 265, 0, 238
Segment (13, 11): 675, 860, 573, 782, 502, 732, 476, 714, 479, 535, 319, 398, 160, 287, 0, 238
Segment (13, 12): 767, 934, 623, 819, 517, 742, 476, 714, 602, 647, 401, 467, 201, 311, 0, 238
Segment (13, 13): 858, 1010, 673, 858, 532, 753, 476, 714, 714, 753, 476, 532, 238, 337, 0, 238
Segment (13, 14): 943, 1083, 722, 897, 548, 764, 476, 714, 814, 849, 543, 593, 271, 361, 0, 238
Segment (13, 15): 1019, 1150, 766, 933, 563, 775, 476, 714, 901, 932, 600, 646, 300, 383, 0, 238
Segment (14, 0): 543, 814, 620, 868, 810, 1012, 1052, 1214, 0, 271, 300, 405, 600, 659, 901, 941
Segment (14, 1): 543, 814, 607, 859, 768, 979, 979, 1152, 0, 271, 271, 384, 543, 607, 814, 859
Segment (14, 2): 543, 814, 593, 849, 722, 943, 897, 1083, 0, 271, 238, 361, 476, 548, 714, 764
Segment (14, 3): 543, 814, 579, 839, 675, 908, 811, 1013, 0, 271, 201, 338, 401, 484, 602, 660
Segment (14, 4): 543, 814, 566, 830, 630, 875, 724, 945, 0, 271, 160, 315, 319, 419, 479, 551
Segment (14, 5): 543, 814, 555, 823, 591, 847, 645, 886, 0, 271, 116, 295, 232, 357, 348, 442
Segment (14, 6): 543, 814, 548, 817, 561, 827, 583, 841, 0, 271, 70, 280, 141, 306, 211, 344
Segment (14, 7): 543, 814, 543, 815, 545, 816, 548, 818, 0, 271, 24, 273, 47, 276, 71, 281
Segment (14, 8): 548, 818, 545, 816, 543, 815, 543, 814, 71, 281, 47, 276, 24, 273, 0, 271
Segment (14, 9): 583, 841, 561, 827, 548, 817, 543, 814, 211, 344, 141, 306, 70, 280, 0, 271
Segment (14, 10): 645, 886, 591, 847, 555, 823, 543, 814, 348, 442, 232, 357, 116, 295, 0, 271
Segment (14, 11): 724, 945, 630, 875, 566, 830, 543, 814, 479, 551, 319, 419, 160, 315, 0, 271
Segment (14, 12): 811, 1013, 675, 908, 579, 839, 543, 814, 602, 660, 401, 484, 201, 338, 0, 271
Segment (14, 13): 897, 1083, 722, 943, 593, 849, 543, 814, 714, 764, 476, 548, 238, 361, 0, 271
Segment (14, 14): 979, 1152, 768, 979, 607, 859, 543, 814, 814, 859, 543, 607, 271, 384, 0, 271
Segment (14, 15): 1052, 1214, 810, 1012, 620, 868, 543, 814, 901, 941, 600, 659, 300, 405, 0, 271
Segment (15, 0): 600, 901, 671, 949, 849, 1083, 1083, 1274, 0, 300, 300, 425, 600, 671, 901, 949
Segment (15, 1): 600, 901, 659, 941, 810, 1052, 1012, 1214, 0, 300, 271, 405, 543, 620, 814, 868
Segment (15, 2): 600, 901, 646, 932, 766, 1019, 933, 1150, 0, 300, 238, 383, 476, 563, 714, 775
Segment (15, 3): 600, 901, 633, 923, 722, 986, 850, 1083, 0, 300, 201, 361, 401, 501, 602, 673
Segment (15, 4): 600, 901, 621, 915, 680, 956, 768, 1020, 0, 300, 160, 340, 319, 438, 479, 565
Segment (15, 5): 600, 901, 612, 908, 644, 930, 694, 966, 0, 300, 116, 322, 232, 380, 348, 460
Segment (15, 6): 600, 901, 605, 903, 617, 912, 637, 925, 0, 300, 70, 308, 141, 332, 211, 367
Segment (15, 7): 600, 901, 601, 901, 602, 902, 605, 903, 0, 300, 24, 301, 47, 304, 71, 308
Segment (15, 8): 605, 903, 602, 902, 601, 901, 600, 901, 71, 308, 47, 304, 24, 301, 0, 300
Segment (15, 9): 637, 925, 617, 912, 605, 903, 600, 901, 211, 367, 141, 332, 70, 308, 0, 300
Segment (15, 10): 694, 966, 644, 930, 612, 908, 600, 901, 348, 460, 232, 380, 116, 322, 0, 300
Segment (15, 11): 768, 1020, 680, 956, 621, 915, 600, 901, 479, 565, 319, 438, 160, 340, 0, 300
Segment (15, 12): 850, 1083, 722, 986, 633, 923, 600, 901, 602, 673, 401, 501, 201, 361, 0, 300
Segment (15, 13): 933, 1150, 766, 1019, 646, 932, 600, 901, 714, 775, 476, 563, 238, 383, 0, 300
Segment (15, 14): 1012, 1214, 810, 1052, 659, 941, 600, 901, 814, 868, 543, 620, 271, 405, 0, 300
Segment (15, 15): 1083, 1274, 849, 1083, 671, 949, 600, 901, 901, 949, 600, 671, 300, 425, 0, 300
