Segment (0, 0): 300, 0, 300, 0, 300, 0, 300, 0, 901, 600, 901, 600, 901, 600, 901, 600
Segment (0, 1): 300, 0, 300, 0, 300, 0, 300, 0, 901, 600, 901, 600, 901, 600, 901, 600
Segment (0, 2): 300, 0, 300, 0, 300, 0, 300, 0, 901, 600, 901, 600, 901, 600, 901, 600
Segment (0, 3): 300, 0, 300, 0, 300, 0, 300, 0, 901, 600, 901, 600, 901, 600, 901, 600
Segment (0, 4): 300, 0, 300, 0, 300, 0, 300, 0, 901, 600, 901, 600, 901, 600, 901, 600
Segment (0, 5): 300, 0, 300, 0, 300, 0, 300, 0, 901, 600, 901, 600, 901, 600, 901, 600
Segment (0, 6): 300, 0, 300, 0, 300, 0, 300, 0, 901, 600, 901, 600, 901, 600, 901, 600
Segment (0, 7): 300, 0, 300, 0, 300, 0, 300, 0, 901, 600, 901, 600, 901, 600, 901, 600
Segment (0, 8): 300, 0, 300, 0, 300, 0, 300, 0, 901, 600, 901, 600, 901, 600, 901, 600
Segment (0, 9): 300, 0, 300, 0, 300, 0, 300, 0, 901, 600, 901, 600, 901, 600, 901, 600
Segment (0, 10): 300, 0, 300, 0, 300, 0, 300, 0, 901, 600, 901, 600, 901, 600, 901, 600
Segment (0, 11): 300, 0, 300, 0, 300, 0, 300, 0, 901, 600, 901, 600, 901, 600, 901, 600
Segment (0, 12): 300, 0, 300, 0, 300, 0, 300, 0, 901, 600, 901, 600, 901, 600, 901, 600
Segment (0, 13): 300, 0, 300, 0, 300, 0, 300, 0, 901, 600, 901, 600, 901, 600, 901, 600
Segment (0, 14): 300, 0, 300, 0, 300, 0, 300, 0, 901, 600, 901, 600, 901, 600, 901, 600
Segment (0, 15): 300, 0, 300, 0, 300, 0, 300, 0, 901, 600, 901, 600, 901, 600, 901, 600
Segment (1, 0): 271, 0, 271, 0, 271, 0, 271, 0, 814, 543, 814, 543, 814, 543, 814, 543
Segment (1, 1): 271, 0, 271, 0, 271, 0, 271, 0, 814, 543, 814, 543, 814, 543, 814, 543
Segment (1, 2): 271, 0, 271, 0, 271, 0, 271, 0, 814, 543, 814, 543, 814, 543, 814, 543
Segment (1, 3): 271, 0, 271, 0, 271, 0, 271, 0, 814, 543, 814, 543, 814, 543, 814, 543
Segment (1, 4): 271, 0, 271, 0, 271, 0, 271, 0, 814, 543, 814, 543, 814, 543, 814, 543
Segment (1, 5): 271, 0, 271, 0, 271, 0, 271, 0, 814, 543, 814, 543, 814, 543, 814, 543
Segment (1, 6): 271, 0, 271, 0, 271, 0, 271, 0, 814, 543, 814, 543, 814, 543, 814, 543
Segment (1, 7): 271, 0, 271, 0, 271, 0, 271, 0, 814, 543, 814, 543, 814, 543, 814, 543
Segment (1, 8): 271, 0, 271, 0, 271, 0, 271, 0, 814, 543, 814, 543, 814, 543, 814, 543
Segment (1, 9): 271, 0, 271, 0, 271, 0, 271, 0, 814, 543, 814, 543, 814, 543, 814, 543
Segment (1, 10): 271, 0, 271, 0, 271, 0, 271, 0, 814, 543, 814, 543, 814, 543, 814, 543
Segment (1, 11): 271, 0, 271, 0, 271, 0, 271, 0, 814, 543, 814, 543, 814, 543, 814, 543
Segment (1, 12): 271, 0, 271, 0, 271, 0, 271, 0, 814, 543, 814, 543, 814, 543, 814, 543
Segment (1, 13): 271, 0, 271, 0, 271, 0, 271, 0, 814, 543, 814, 543, 814, 543, 814, 543
Segment (1, 14): 271, 0, 271, 0, 271, 0, 271, 0, 814, 543, 814, 543, 814, 543, 814, 543
Segment (1, 15): 271, 0, 271, 0, 271, 0, 271, 0, 814, 543, 814, 543, 814, 543, 814, 543
Segment (2, 0): 238, 0, 238, 0, 238, 0, 238, 0, 714, 476, 714, 476, 714, 476, 714, 476
Segment (2, 1): 238, 0, 238, 0, 238, 0, 238, 0, 714, 476, 714, 476, 714, 476, 714, 476
Segment (2, 2): 238, 0, 238, 0, 238, 0, 238, 0, 714, 476, 714, 476, 714, 476, 714, 476
Segment (2, 3): 238, 0, 238, 0, 238, 0, 238, 0, 714, 476, 714, 476, 714, 476, 714, 476
Segment (2, 4): 238, 0, 238, 0, 238, 0, 238, 0, 714, 476, 714, 476, 714, 476, 714, 476
Segment (2, 5): 238, 0, 238, 0, 238, 0, 238, 0, 714, 476, 714, 476, 714, 476, 714, 476
Segment (2, 6): 238, 0, 238, 0, 238, 0, 238, 0, 714, 476, 714, 476, 714, 476, 714, 476
Segment (2, 7): 238, 0, 238, 0, 238, 0, 238, 0, 714, 476, 714, 476, 714, 476, 714, 476
Segment (2, 8): 238, 0, 238, 0, 238, 0, 238, 0, 714, 476, 714, 476, 714, 476, 714, 476
Segment (2, 9): 238, 0, 238, 0, 238, 0, 238, 0, 714, 476, 714, 476, 714, 476, 714, 476
Segment (2, 10): 238, 0, 238, 0, 238, 0, 238, 0, 714, 476, 714, 476, 714, 476, 714, 476
Segment (2, 11): 238, 0, 238, 0, 238, 0, 238, 0, 714, 476, 714, 476, 714, 476, 714, 476
Segment (2, 12): 238, 0, 238, 0, 238, 0, 238, 0, 714, 476, 714, 476, 714, 476, 714, 476
Segment (2, 13): 238, 0, 238, 0, 238, 0, 238, 0, 714, 476, 714, 476, 714, 476, 714, 476
Segment (2, 14): 238, 0, 238, 0, 238, 0, 238, 0, 714, 476, 714, 476, 714, 476, 714, 476
Segment (2, 15): 238, 0, 238, 0, 238, 0, 238, 0, 714, 476, 714, 476, 714, 476, 714, 476
Segment (3, 0): 201, 0, 201, 0, 201, 0, 201, 0, 602, 401, 602, 401, 602, 401, 602, 401
Segment (3, 1): 201, 0, 201, 0, 201, 0, 201, 0, 602, 401, 602, 401, 602, 401, 602, 401
Segment (3, 2): 201, 0, 201, 0, 201, 0, 201, 0, 602, 401, 602, 401, 602, 401, 602, 401
Segment (3, 3): 201, 0, 201, 0, 201, 0, 201, 0, 602, 401, 602, 401, 602, 401, 602, 401
Segment (3, 4): 201, 0, 201, 0, 201, 0, 201, 0, 602, 401, 602, 401, 602, 401, 602, 401
Segment (3, 5): 201, 0, 201, 0, 201, 0, 201, 0, 602, 401, 602, 401, 602, 401, 602, 401
Segment (3, 6): 201, 0, 201, 0, 201, 0, 201, 0, 602, 401, 602, 401, 602, 401, 602, 401
Segment (3, 7): 201, 0, 201, 0, 201, 0, 201, 0, 602, 401, 602, 401, 602, 401, 602, 401
Segment (3, 8): 201, 0, 201, 0, 201, 0, 201, 0, 602, 401, 602, 401, 602, 401, 602, 401
Segment (3, 9): 201, 0, 201, 0, 201, 0, 201, 0, 602, 401, 602, 401, 602, 401, 602, 401
Segment (3, 10): 201, 0, 201, 0, 201, 0, 201, 0, 602, 401, 602, 401, 602, 401, 602, 401
Segment (3, 11): 201, 0, 201, 0, 201, 0, 201, 0, 602, 401, 602, 401, 602, 401, 602, 401
Segment (3, 12): 201, 0, 201, 0, 201, 0, 201, 0, 602, 401, 602, 401, 602, 401, 602, 401
Segment (3, 13): 201, 0, 201, 0, 201, 0, 201, 0, 602, 401, 602, 401, 602, 401, 602, 401
Segment (3, 14): 201, 0, 201, 0, 201, 0, 201, 0, 602, 401, 602, 401, 602, 401, 602, 401
Segment (3, 15): 201, 0, 201, 0, 201, 0, 201, 0, 602, 401, 602, 401, 602, 401, 602, 401
Segment (4, 0): 160, 0, 160, 0, 160, 0, 160, 0, 479, 319, 479, 319, 479, 319, 479, 319
Segment (4, 1): 160, 0, 160, 0, 160, 0, 160, 0, 479, 319, 479, 319, 479, 319, 479, 319
Segment (4, 2): 160, 0, 160, 0, 160, 0, 160, 0, 479, 319, 479, 319, 479, 319, 479, 319
Segment (4, 3): 160, 0, 160, 0, 160, 0, 160, 0, 479, 319, 479, 319, 479, 319, 479, 319
Segment (4, 4): 160, 0, 160, 0, 160, 0, 160, 0, 479, 319, 479, 319, 479, 319, 479, 319
Segment (4, 5): 160, 0, 160, 0, 160, 0, 160, 0, 479, 319, 479, 319, 479, 319, 479, 319
Segment (4, 6): 160, 0, 160, 0, 160, 0, 160, 0, 479, 319, 479, 319, 479, 319, 479, 319
Segment (4, 7): 160, 0, 160, 0, 160, 0, 160, 0, 479, 319, 479, 319, 479, 319, 479, 319
Segment (4, 8): 160, 0, 160, 0, 160, 0, 160, 0, 479, 319, 479, 319, 479, 319, 479, 319
Segment (4, 9): 160, 0, 160, 0, 160, 0, 160, 0, 479, 319, 479, 319, 479, 319, 479, 319
Segment (4, 10): 160, 0, 160, 0, 160, 0, 160, 0, 479, 319, 479, 319, 479, 319, 479, 319
Segment (4, 11): 160, 0, 160, 0, 160, 0, 160, 0, 479, 319, 479, 319, 479, 319, 479, 319
Segment (4, 12): 160, 0, 160, 0, 160, 0, 160, 0, 479, 319, 479, 319, 479, 319, 479, 319
Segment (4, 13): 160, 0, 160, 0, 160, 0, 160, 0, 479, 319, 479, 319, 479, 319, 479, 319
Segment (4, 14): 160, 0, 160, 0, 160, 0, 160, 0, 479, 319, 479, 319, 479, 319, 479, 319
Segment (4, 15): 160, 0, 160, 0, 160, 0, 160, 0, 479, 319, 479, 319, 479, 319, 479, 319
Segment (5, 0): 116, 0, 116, 0, 116, 0, 116, 0, 348, 232, 348, 232, 348, 232, 348, 232
Segment (5, 1): 116, 0, 116, 0, 116, 0, 116, 0, 348, 232, 348, 232, 348, 232, 348, 232
Segment (5, 2): 116, 0, 116, 0, 116, 0, 116, 0, 348, 232, 348, 232, 348, 232, 348, 232
Segment (5, 3): 116, 0, 116, 0, 116, 0, 116, 0, 348, 232, 348, 232, 348, 232, 348, 232
Segment (5, 4): 116, 0, 116, 0, 116, 0, 116, 0, 348, 232, 348, 232, 348, 232, 348, 232
Segment (5, 5): 116, 0, 116, 0, 116, 0, 116, 0, 348, 232, 348, 232, 348, 232, 348, 232
Segment (5, 6): 116, 0, 116, 0, 116, 0, 116, 0, 348, 232, 348, 232, 348, 232, 348, 232
Segment (5, 7): 116, 0, 116, 0, 116, 0, 116, 0, 348, 232, 348, 232, 348, 232, 348, 232
Segment (5, 8): 116, 0, 116, 0, 116, 0, 116, 0, 348, 232, 348, 232, 348, 232, 348, 232
Segment (5, 9): 116, 0, 116, 0, 116, 0, 116, 0, 348, 232, 348, 232, 348, 232, 348, 232
Segment (5, 10): 116, 0, 116, 0, 116, 0, 116, 0, 348, 232, 348, 232, 348, 232, 348, 232
Segment (5, 11): 116, 0, 116, 0, 116, 0, 116, 0, 348, 232, 348, 232, 348, 232, 348, 232
Segment (5, 12): 116, 0, 116, 0, 116, 0, 116, 0, 348, 232, 348, 232, 348, 232, 348, 232
Segment (5, 13): 116, 0, 116, 0, 116, 0, 116, 0, 348, 232, 348, 232, 348, 232, 348, 232
Segment (5, 14): 116, 0, 116, 0, 116, 0, 116, 0, 348, 232, 348, 232, 348, 232, 348, 232
Segment (5, 15): 116, 0, 116, 0, 116, 0, 116, 0, 348, 232, 348, 232, 348, 232, 348, 232
Segment (6, 0): 70, 0, 70, 0, 70, 0, 70, 0, 211, 141, 211, 141, 211, 141, 211, 141
Segment (6, 1): 70, 0, 70, 0, 70, 0, 70, 0, 211, 141, 211, 141, 211, 141, 211, 141
Segment (6, 2): 70, 0, 70, 0, 70, 0, 70, 0, 211, 141, 211, 141, 211, 141, 211, 141
Segment (6, 3): 70, 0, 70, 0, 70, 0, 70, 0, 211, 141, 211, 141, 211, 141, 211, 141
Segment (6, 4): 70, 0, 70, 0, 70, 0, 70, 0, 211, 141, 211, 141, 211, 141, 211, 141
Segment (6, 5): 70, 0, 70, 0, 70, 0, 70, 0, 211, 141, 211, 141, 211, 141, 211, 141
Segment (6, 6): 70, 0, 70, 0, 70, 0, 70, 0, 211, 141, 211, 141, 211, 141, 211, 141
Segment (6, 7): 70, 0, 70, 0, 70, 0, 70, 0, 211, 141, 211, 141, 211, 141, 211, 141
Segment (6, 8): 70, 0, 70, 0, 70, 0, 70, 0, 211, 141, 211, 141, 211, 141, 211, 141
Segment (6, 9): 70, 0, 70, 0, 70, 0, 70, 0, 211, 141, 211, 141, 211, 141, 211, 141
Segment (6, 10): 70, 0, 70, 0, 70, 0, 70, 0, 211, 141, 211, 141, 211, 141, 211, 141
Segment (6, 11): 70, 0, 70, 0, 70, 0, 70, 0, 211, 141, 211, 141, 211, 141, 211, 141
Segment (6, 12): 70, 0, 70, 0, 70, 0, 70, 0, 211, 141, 211, 141, 211, 141, 211, 141
Segment (6, 13): 70, 0, 70, 0, 70, 0, 70, 0, 211, 141, 211, 141, 211, 141, 211, 141
Segment (6, 14): 70, 0, 70, 0, 70, 0, 70, 0, 211, 141, 211, 141, 211, 141, 211, 141
Segment (6, 15): 70, 0, 70, 0, 70, 0, 70, 0, 211, 141, 211, 141, 211, 141, 211, 141
Segment (7, 0): 24, 0, 24, 0, 24, 0, 24, 0, 71, 47, 71, 47, 71, 47, 71, 47
Segment (7, 1): 24, 0, 24, 0, 24, 0, 24, 0, 71, 47, 71, 47, 71, 47, 71, 47
Segment (7, 2): 24, 0, 24, 0, 24, 0, 24, 0, 71, 47, 71, 47, 71, 47, 71, 47
Segment (7, 3): 24, 0, 24, 0, 24, 0, 24, 0, 71, 47, 71, 47, 71, 47, 71, 47
Segment (7, 4): 24, 0, 24, 0, 24, 0, 24, 0, 71, 47, 71, 47, 71, 47, 71, 47
Segment (7, 5): 24, 0, 24, 0, 24, 0, 24, 0, 71, 47, 71, 47, 71, 47, 71, 47
Segment (7, 6): 24, 0, 24, 0, 24, 0, 24, 0, 71, 47, 71, 47, 71, 47, 71, 47
Segment (7, 7): 24, 0, 24, 0, 24, 0, 24, 0, 71, 47, 71, 47, 71, 47, 71, 47
Segment (7, 8): 24, 0, 24, 0, 24, 0, 24, 0, 71, 47, 71, 47, 71, 47, 71, 47
Segment (7, 9): 24, 0, 24, 0, 24, 0, 24, 0, 71, 47, 71, 47, 71, 47, 71, 47
Segment (7, 10): 24, 0, 24, 0, 24, 0, 24, 0, 71, 47, 71, 47, 71, 47, 71, 47
Segment (7, 11): 24, 0, 24, 0, 24, 0, 24, 0, 71, 47, 71, 47, 71, 47, 71, 47
Segment (7, 12): 24, 0, 24, 0, 24, 0, 24, 0, 71, 47, 71, 47, 71, 47, 71, 47
Segment (7, 13): 24, 0, 24, 0, 24, 0, 24, 0, 71, 47, 71, 47, 71, 47, 71, 47
Segment (7, 14): 24, 0, 24, 0, 24, 0, 24, 0, 71, 47, 71, 47, 71, 47, 71, 47
Segment (7, 15): 24, 0, 24, 0, 24, 0, 24, 0, 71, 47, 71, 47, 71, 47, 71, 47
Segment (8, 0): 47, 71, 47, 71, 47, 71, 47, 71, 0, 24, 0, 24, 0, 24, 0, 24
Segment (8, 1): 47, 71, 47, 71, 47, 71, 47, 71, 0, 24, 0, 24, 0, 24, 0, 24
Segment (8, 2): 47, 71, 47, 71, 47, 71, 47, 71, 0, 24, 0, 24, 0, 24, 0, 24
Segment (8, 3): 47, 71, 47, 71, 47, 71, 47, 71, 0, 24, 0, 24, 0, 24, 0, 24
Segment (8, 4): 47, 71, 47, 71, 47, 71, 47, 71, 0, 24, 0, 24, 0, 24, 0, 24
Segment (8, 5): 47, 71, 47, 71, 47, 71, 47, 71, 0, 24, 0, 24, 0, 24, 0, 24
Segment (8, 6): 47, 71, 47, 71, 47, 71, 47, 71, 0, 24, 0, 24, 0, 24, 0, 24
Segment (8, 7): 47, 71, 47, 71, 47, 71, 47, 71, 0, 24, 0, 24, 0, 24, 0, 24
Segment (8, 8): 47, 71, 47, 71, 47, 71, 47, 71, 0, 24, 0, 24, 0, 24, 0, 24
Segment (8, 9): 47, 71, 47, 71, 47, 71, 47, 71, 0, 24, 0, 24, 0, 24, 0, 24
Segment (8, 10): 47, 71, 47, 71, 47, 71, 47, 71, 0, 24, 0, 24, 0, 24, 0, 24
Segment (8, 11): 47, 71, 47, 71, 47, 71, 47, 71, 0, 24, 0, 24, 0, 24, 0, 24
Segment (8, 12): 47, 71, 47, 71, 47, 71, 47, 71, 0, 24, 0, 24, 0, 24, 0, 24
Segment (8, 13): 47, 71, 47, 71, 47, 71, 47, 71, 0, 24, 0, 24, 0, 24, 0, 24
Segment (8, 14): 47, 71, 47, 71, 47, 71, 47, 71, 0, 24, 0, 24, 0, 24, 0, 24
Segment (8, 15): 47, 71, 47, 71, 47, 71, 47, 71, 0, 24, 0, 24, 0, 24, 0, 24
Segment (9, 0): 141, 211, 141, 211, 141, 211, 141, 211, 0, 70, 0, 70, 0, 70, 0, 70
Segment (9, 1): 141, 211, 141, 211, 141, 211, 141, 211, 0, 70, 0, 70, 0, 70, 0, 70
Segment (9, 2): 141, 211, 141, 211, 141, 211, 141, 211, 0, 70, 0, 70, 0, 70, 0, 70
Segment (9, 3): 141, 211, 141, 211, 141, 211, 141, 211, 0, 70, 0, 70, 0, 70, 0, 70
Segment (9, 4): 141, 211, 141, 211, 141, 211, 141, 211, 0, 70, 0, 70, 0, 70, 0, 70
Segment (9, 5): 141, 211, 141, 211, 141, 211, 141, 211, 0, 70, 0, 70, 0, 70, 0, 70
Segment (9, 6): 141, 211, 141, 211, 141, 211, 141, 211, 0, 70, 0, 70, 0, 70, 0, 70
Segment (9, 7): 141, 211, 141, 211, 141, 211, 141, 211, 0, 70, 0, 70, 0, 70, 0, 70
Segment (9, 8): 141, 211, 141, 211, 141, 211, 141, 211, 0, 70, 0, 70, 0, 70, 0, 70
Segment (9, 9): 141, 211, 141, 211, 141, 211, 141, 211, 0, 70, 0, 70, 0, 70, 0, 70
Segment (9, 10): 141, 211, 141, 211, 141, 211, 141, 211, 0, 70, 0, 70, 0, 70, 0, 70
Segment (9, 11): 141, 211, 141, 211, 141, 211, 141, 211, 0, 70, 0, 70, 0, 70, 0, 70
Segment (9, 12): 141, 211, 141, 211, 141, 211, 141, 211, 0, 70, 0, 70, 0, 70, 0, 70
Segment (9, 13): 141, 211, 141, 211, 141, 211, 141, 211, 0, 70, 0, 70, 0, 70, 0, 70
Segment (9, 14): 141, 211, 141, 211, 141, 211, 141, 211, 0, 70, 0, 70, 0, 70, 0, 70
Segment (9, 15): 141, 211, 141, 211, 141, 211, 141, 211, 0, 70, 0, 70, 0, 70, 0, 70
Segment (10, 0): 232, 348, 232, 348, 232, 348, 232, 348, 0, 116, 0, 116, 0, 116, 0, 116
Segment (10, 1): 232, 348, 232, 348, 232, 348, 232, 348, 0, 116, 0, 116, 0, 116, 0, 116
Segment (10, 2): 232, 348, 232, 348, 232, 348, 232, 348, 0, 116, 0, 116, 0, 116, 0, 116
Segment (10, 3): 232, 348, 232, 348, 232, 348, 232, 348, 0, 116, 0, 116, 0, 116, 0, 116
Segment (10, 4): 232, 348, 232, 348, 232, 348, 232, 348, 0, 116, 0, 116, 0, 116, 0, 116
Segment (10, 5): 232, 348, 232, 348, 232, 348, 232, 348, 0, 116, 0, 116, 0, 116, 0, 116
Segment (10, 6): 232, 348, 232, 348, 232, 348, 232, 348, 0, 116, 0, 116, 0, 116, 0, 116
Segment (10, 7): 232, 348, 232, 348, 232, 348, 232, 348, 0, 116, 0, 116, 0, 116, 0, 116
Segment (10, 8): 232, 348, 232, 348, 232, 348, 232, 348, 0, 116, 0, 116, 0, 116, 0, 116
Segment (10, 9): 232, 348, 232, 348, 232, 348, 232, 348, 0, 116, 0, 116, 0, 116, 0, 116
Segment (10, 10): 232, 348, 232, 348, 232, 348, 232, 348, 0, 116, 0, 116, 0, 116, 0, 116
Segment (10, 11): 232, 348, 232, 348, 232, 348, 232, 348, 0, 116, 0, 116, 0, 116, 0, 116
Segment (10, 12): 232, 348, 232, 348, 232, 348, 232, 348, 0, 116, 0, 116, 0, 116, 0, 116
Segment (10, 13): 232, 348, 232, 348, 232, 348, 232, 348, 0, 116, 0, 116, 0, 116, 0, 116
Segment (10, 14): 232, 348, 232, 348, 232, 348, 232, 348, 0, 116, 0, 116, 0, 116, 0, 116
Segment (10, 15): 232, 348, 232, 348, 232, 348, 232, 348, 0, 116, 0, 116, 0, 116, 0, 116
Segment (11, 0): 319, 479, 319, 479, 319, 479, 319, 479, 0, 160, 0, 160, 0, 160, 0, 160
Segment (11, 1): 319, 479, 319, 479, 319, 479, 319, 479, 0, 160, 0, 160, 0, 160, 0, 160
Segment (11, 2): 319, 479, 319, 479, 319, 479, 319, 479, 0, 160, 0, 160, 0, 160, 0, 160
Segment (11, 3): 319, 479, 319, 479, 319, 479, 319, 479, 0, 160, 0, 160, 0, 160, 0, 160
Segment (11, 4): 319, 479, 319, 479, 319, 479, 319, 479, 0, 160, 0, 160, 0, 160, 0, 160
Segment (11, 5): 319, 479, 319, 479, 319, 479, 319, 479, 0, 160, 0, 160, 0, 160, 0, 160
Segment (11, 6): 319, 479, 319, 479, 319, 479, 319, 479, 0, 160, 0, 160, 0, 160, 0, 160
Segment (11, 7): 319, 479, 319, 479, 319, 479, 319, 479, 0, 160, 0, 160, 0, 160, 0, 160
Segment (11, 8): 319, 479, 319, 479, 319, 479, 319, 479, 0, 160, 0, 160, 0, 160, 0, 160
Segment (11, 9): 319, 479, 319, 479, 319, 479, 319, 479, 0, 160, 0, 160, 0, 160, 0, 160
Segment (11, 10): 319, 479, 319, 479, 319, 479, 319, 479, 0, 160, 0, 160, 0, 160, 0, 160
Segment (11, 11): 319, 479, 319, 479, 319, 479, 319, 479, 0, 160, 0, 160, 0, 160, 0, 160
Segment (11, 12): 319, 479, 319, 479, 319, 479, 319, 479, 0, 160, 0, 160, 0, 160, 0, 160
Segment (11, 13): 319, 479, 319, 479, 319, 479, 319, 479, 0, 160, 0, 160, 0, 160, 0, 160
Segment (11, 14): 319, 479, 319, 479, 319, 479, 319, 479, 0, 160, 0, 160, 0, 160, 0, 160
Segment (11, 15): 319, 479, 319, 479, 319, 479, 319, 479, 0, 160, 0, 160, 0, 160, 0, 160
Segment (12, 0): 401, 602, 401, 602, 401, 602, 401, 602, 0, 201, 0, 201, 0, 201, 0, 201
Segment (12, 1): 401, 602, 401, 602, 401, 602, 401, 602, 0, 201, 0, 201, 0, 201, 0, 201
Segment (12, 2): 401, 602, 401, 602, 401, 602, 401, 602, 0, 201, 0, 201, 0, 201, 0, 201
Segment (12, 3): 401, 602, 401, 602, 401, 602, 401, 602, 0, 201, 0, 201, 0, 201, 0, 201
Segment (12, 4): 401, 602, 401, 602, 401, 602, 401, 602, 0, 201, 0, 201, 0, 201, 0, 201
Segment (12, 5): 401, 602, 401, 602, 401, 602, 401, 602, 0, 201, 0, 201, 0, 201, 0, 201
Segment (12, 6): 401, 602, 401, 602, 401, 602, 401, 602, 0, 201, 0, 201, 0, 201, 0, 201
Segment (12, 7): 401, 602, 401, 602, 401, 602, 401, 602, 0, 201, 0, 201, 0, 201, 0, 201
Segment (12, 8): 401, 602, 401, 602, 401, 602, 401, 602, 0, 201, 0, 201, 0, 201, 0, 201
Segment (12, 9): 401, 602, 401, 602, 401, 602, 401, 602, 0, 201, 0, 201, 0, 201, 0, 201
Segment (12, 10): 401, 602, 401, 602, 401, 602, 401, 602, 0, 201, 0, 201, 0, 201, 0, 201
Segment (12, 11): 401, 602, 401, 602, 401, 602, 401, 602, 0, 201, 0, 201, 0, 201, 0, 201
Segment (12, 12): 401, 602, 401, 602, 401, 602, 401, 602, 0, 201, 0, 201, 0, 201, 0, 201
Segment (12, 13): 401, 602, 401, 602, 401, 602, 401, 602, 0, 201, 0, 201, 0, 201, 0, 201
Segment (12, 14): 401, 602, 401, 602, 401, 602, 401, 602, 0, 201, 0, 201, 0, 201, 0, 201
Segment (12, 15): 401, 602, 401, 602, 401, 602, 401, 602, 0, 201, 0, 201, 0, 201, 0, 201
Segment (13, 0): 476, 714, 476, 714, 476, 714, 476, 714, 0, 238, 0, 238, 0, 238, 0, 238
Segment (13, 1): 476, 714, 476, 714, 476, 714, 476, 714, 0, 238, 0, 238, 0, 238, 0, 238
Segment (13, 2): 476, 714, 476, 714, 476, 714, 476, 714, 0, 238, 0, 238, 0, 238, 0, 238
Segment (13, 3): 476, 714, 476, 714, 476, 714, 476, 714, 0, 238, 0, 238, 0, 238, 0, 238
Segment (13, 4): 476, 714, 476, 714, 476, 714, 476, 714, 0, 238, 0, 238, 0, 238, 0, 238
Segment (13, 5): 476, 714, 476, 714, 476, 714, 476, 714, 0, 238, 0, 238, 0, 238, 0, 238
Segment (13, 6): 476, 714, 476, 714, 476, 714, 476, 714, 0, 238, 0, 238, 0, 238, 0, 238
Segment (13, 7): 476, 714, 476, 714, 476, 714, 476, 714, 0, 238, 0, 238, 0, 238, 0, 238
Segment (13, 8): 476, 714, 476, 714, 476, 714, 476, 714, 0, 238, 0, 238, 0, 238, 0, 238
Segment (13, 9): 476, 714, 476, 714, 476, 714, 476, 714, 0, 238, 0, 238, 0, 238, 0, 238
Segment (13, 10): 476, 714, 476, 714, 476, 714, 476, 714, 0, 238, 0, 238, 0, 238, 0, 238
Segment (13, 11): 476, 714, 476, 714, 476, 714, 476, 714, 0, 238, 0, 238, 0, 238, 0, 238
Segment (13, 12): 476, 714, 476, 714, 476, 714, 476, 714, 0, 238, 0, 238, 0, 238, 0, 238
Segment (13, 13): 476, 714, 476, 714, 476, 714, 476, 714, 0, 238, 0, 238, 0, 238, 0, 238
Segment (13, 14): 476, 714, 476, 714, 476, 714, 476, 714, 0, 238, 0, 238, 0, 238, 0, 238
Segment (13, 15): 476, 714, 476, 714, 476, 714, 476, 714, 0, 238, 0, 238, 0, 238, 0, 238
Segment (14, 0): 543, 814, 543, 814, 543, 814, 543, 814, 0, 271, 0, 271, 0, 271, 0, 271
Segment (14, 1): 543, 814, 543, 814, 543, 814, 543, 814, 0, 271, 0, 271, 0, 271, 0, 271
Segment (14, 2): 543, 814, 543, 814, 543, 814, 543, 814, 0, 271, 0, 271, 0, 271, 0, 271
Segment (14, 3): 543, 814, 543, 814, 543, 814, 543, 814, 0, 271, 0, 271, 0, 271, 0, 271
Segment (14, 4): 543, 814, 543, 814, 543, 814, 543, 814, 0, 271, 0, 271, 0, 271, 0, 271
Segment (14, 5): 543, 814, 543, 814, 543, 814, 543, 814, 0, 271, 0, 271, 0, 271, 0, 271
Segment (14, 6): 543, 814, 543, 814, 543, 814, 543, 814, 0, 271, 0, 271, 0, 271, 0, 271
Segment (14, 7): 543, 814, 543, 814, 543, 814, 543, 814, 0, 271, 0, 271, 0, 271, 0, 271
Segment (14, 8): 543, 814, 543, 814, 543, 814, 543, 814, 0, 271, 0, 271, 0, 271, 0, 271
Segment (14, 9): 543, 814, 543, 814, 543, 814, 543, 814, 0, 271, 0, 271, 0, 271, 0, 271
Segment (14, 10): 543, 814, 543, 814, 543, 814, 543, 814, 0, 271, 0, 271, 0, 271, 0, 271
Segment (14, 11): 543, 814, 543, 814, 543, 814, 543, 814, 0, 271, 0, 271, 0, 271, 0, 271
Segment (14, 12): 543, 814, 543, 814, 543, 814, 543, 814, 0, 271, 0, 271, 0, 271, 0, 271
Segment (14, 13): 543, 814, 543, 814, 543, 814, 543, 814, 0, 271, 0, 271, 0, 271, 0, 271
Segment (14, 14): 543, 814, 543, 814, 543, 814, 543, 814, 0, 271, 0, 271, 0, 271, 0, 271
Segment (14, 15): 543, 814, 543, 814, 543, 814, 543, 814, 0, 271, 0, 271, 0, 271, 0, 271
Segment (15, 0): 600, 901, 600, 901, 600, 901, 600, 901, 0, 300, 0, 300, 0, 300, 0, 300
Segment (15, 1): 600, 901, 600, 901, 600, 901, 600, 901, 0, 300, 0, 300, 0, 300, 0, 300
Segment (15, 2): 600, 901, 600, 901, 600, 901, 600, 901, 0, 300, 0, 300, 0, 300, 0, 300
Segment (15, 3): 600, 901, 600, 901, 600, 901, 600, 901, 0, 300, 0, 300, 0, 300, 0, 300
Segment (15, 4): 600, 901, 600, 901, 600, 901, 600, 901, 0, 300, 0, 300, 0, 300, 0, 300
Segment (15, 5): 600, 901, 600, 901, 600, 901, 600, 901, 0, 300, 0, 300, 0, 300, 0, 300
Segment (15, 6): 600, 901, 600, 901, 600, 901, 600, 901, 0, 300, 0, 300, 0, 300, 0, 300
Segment (15, 7): 600, 901, 600, 901, 600, 901, 600, 901, 0, 300, 0, 300, 0, 300, 0, 300
Segment (15, 8): 600, 901, 600, 901, 600, 901, 600, 901, 0, 300, 0, 300, 0, 300, 0, 300
Segment (15, 9): 600, 901, 600, 901, 600, 901, 600, 901, 0, 300, 0, 300, 0, 300, 0, 300
Segment (15, 10): 600, 901, 600, 901, 600, 901, 600, 901, 0, 300, 0, 300, 0, 300, 0, 300
Segment (15, 11): 600, 901, 600, 901, 600, 901, 600, 901, 0, 300, 0, 300, 0, 300, 0, 300
Segment (15, 12): 600, 901, 600, 901, 600, 901, 600, 901, 0, 300, 0, 300, 0, 300, 0, 300
Segment (15, 13): 600, 901, 600, 901, 600, 901, 600, 901, 0, 300, 0, 300, 0, 300, 0, 300
Segment (15, 14): 600, 901, 600, 901, 600, 901, 600, 901, 0, 300, 0, 300, 0, 300, 0, 300
Segment (15, 15): 600, 901, 600, 901, 600, 901, 600, 901, 0, 300, 0, 300, 0, 300, 0, 300
