Segment (0, 0): 0, 0, 300, 300, 600, 600, 901, 901, 0, 0, 300, 300, 600, 600, 901, 901
Segment (0, 1): 0, 0, 271, 271, 543, 543, 814, 814, 0, 0, 271, 271, 543, 543, 814, 814
Segment (0, 2): 0, 0, 238, 238, 476, 476, 714, 714, 0, 0, 238, 238, 476, 476, 714, 714
Segment (0, 3): 0, 0, 201, 201, 401, 401, 602, 602, 0, 0, 201, 201, 401, 401, 602, 602
Segment (0, 4): 0, 0, 160, 160, 319, 319, 479, 479, 0, 0, 160, 160, 319, 319, 479, 479
Segment (0, 5): 0, 0, 116, 116, 232, 232, 348, 348, 0, 0, 116, 116, 232, 232, 348, 348
Segment (0, 6): 0, 0, 70, 70, 141, 141, 211, 211, 0, 0, 70, 70, 141, 141, 211, 211
Segment (0, 7): 0, 0, 24, 24, 47, 47, 71, 71, 0, 0, 24, 24, 47, 47, 71, 71
Segment (0, 8): 71, 71, 47, 47, 24, 24, 0, 0, 71, 71, 47, 47, 24, 24, 0, 0
Segment (0, 9): 211, 211, 141, 141, 70, 70, 0, 0, 211, 211, 141, 141, 70, 70, 0, 0
Segment (0, 10): 348, 348, 232, 232, 116, 116, 0, 0, 348, 348, 232, 232, 116, 116, 0, 0
Segment (0, 11): 479, 479, 319, 319, 160, 160, 0, 0, 479, 479, 319, 319, 160, 160, 0, 0
Segment (0, 12): 602, 602, 401, 401, 201, 201, 0, 0, 602, 602, 401, 401, 201, 201, 0, 0
Segment (0, 13): 714, 714, 476, 476, 238, 238, 0, 0, 714, 714, 476, 476, 238, 238, 0, 0
Segment (0, 14): 814, 814, 543, 543, 271, 271, 0, 0, 814, 814, 543, 543, 271, 271, 0, 0
Segment (0, 15): 901, 901, 600, 600, 300, 300, 0, 0, 901, 901, 600, 600, 300, 300, 0, 0
Segment (1, 0): 0, 0, 300, 300, 600, 600, 901, 901, 0, 0, 300, 300, 600, 600, 901, 901
Segment (1, 1): 0, 0, 271, 271, 543, 543, 814, 814, 0, 0, 271, 271, 543, 543, 814, 814
Segment (1, 2): 0, 0, 238, 238, 476, 476, 714, 714, 0, 0, 238, 238, 476, 476, 714, 714
Segment (1, 3): 0, 0, 201, 201, 401, 401, 602, 602, 0, 0, 201, 201, 401, 401, 602, 602
Segment (1, 4): 0, 0, 160, 160, 319, 319, 479, 479, 0, 0, 160, 160, 319, 319, 479, 479
Segment (1, 5): 0, 0, 116, 116, 232, 232, 348, 348, 0, 0, 116, 116, 232, 232, 348, 348
Segment (1, 6): 0, 0, 70, 70, 141, 141, 211, 211, 0, 0, 70, 70, 141, 141, 211, 211
Segment (1, 7): 0, 0, 24, 24, 47, 47, 71, 71, 0, 0, 24, 24, 47, 47, 71, 71
Segment (1, 8): 71, 71, 47, 47, 24, 24, 0, 0, 71, 71, 47, 47, 24, 24, 0, 0
Segment (1, 9): 211, 211, 141, 141, 70, 70, 0, 0, 211, 211, 141, 141, 70, 70, 0, 0
Segment (1, 10): 348, 348, 232, 232, 116, 116, 0, 0, 348, 348, 232, 232, 116, 116, 0, 0
Segment (1, 11): 479, 479, 319, 319, 160, 160, 0, 0, 479, 479, 319, 319, 160, 160, 0, 0
Segment (1, 12): 602, 602, 401, 401, 201, 201, 0, 0, 602, 602, 401, 401, 201, 201, 0, 0
Segment (1, 13): 714, 714, 476, 476, 238, 238, 0, 0, 714, 714, 476, 476, 238, 238, 0, 0
Segment (1, 14): 814, 814, 543, 543, 271, 271, 0, 0, 814, 814, 543, 543, 271, 271, 0, 0
Segment (1, 15): 901, 901, 600, 600, 300, 300, 0, 0, 901, 901, 600, 600, 300, 300, 0, 0
Segment (2, 0): 0, 0, 300, 300, 600, 600, 901, 901, 0, 0, 300, 300, 600, 600, 901, 901
Segment (2, 1): 0, 0, 271, 271, 543, 543, 814, 814, 0, 0, 271, 271, 543, 543, 814, 814
Segment (2, 2): 0, 0, 238, 238, 476, 476, 714, 714, 0, 0, 238, 238, 476, 476, 714, 714
Segment (2, 3): 0, 0, 201, 201, 401, 401, 602, 602, 0, 0, 201, 201, 401, 401, 602, 602
Segment (2, 4): 0, 0, 160, 160, 319, 319, 479, 479, 0, 0, 160, 160, 319, 319, 479, 479
Segment (2, 5): 0, 0, 116, 116, 232, 232, 348, 348, 0, 0, 116, 116, 232, 232, 348, 348
Segment (2, 6): 0, 0, 70, 70, 141, 141, 211, 211, 0, 0, 70, 70, 141, 141, 211, 211
Segment (2, 7): 0, 0, 24, 24, 47, 47, 71, 71, 0, 0, 24, 24, 47, 47, 71, 71
Segment (2, 8): 71, 71, 47, 47, 24, 24, 0, 0, 71, 71, 47, 47, 24, 24, 0, 0
Segment (2, 9): 211, 211, 141, 141, 70, 70, 0, 0, 211, 211, 141, 141, 70, 70, 0, 0
Segment (2, 10): 348, 348, 232, 232, 116, 116, 0, 0, 348, 348, 232, 232, 116, 116, 0, 0
Segment (2, 11): 479, 479, 319, 319, 160, 160, 0, 0, 479, 479, 319, 319, 160, 160, 0, 0
Segment (2, 12): 602, 602, 401, 401, 201, 201, 0, 0, 602, 602, 401, 401, 201, 201, 0, 0
Segment (2, 13): 714, 714, 476, 476, 238, 238, 0, 0, 714, 714, 476, 476, 238, 238, 0, 0
Segment (2, 14): 814, 814, 543, 543, 271, 271, 0, 0, 814, 814, 543, 543, 271, 271, 0, 0
Segment (2, 15): 901, 901, 600, 600, 300, 300, 0, 0, 901, 901, 600, 600, 300, 300, 0, 0
Segment (3, 0): 0, 0, 300, 300, 600, 600, 901, 901, 0, 0, 300, 300, 600, 600, 901, 901
Segment (3, 1): 0, 0, 271, 271, 543, 543, 814, 814, 0, 0, 271, 271, 543, 543, 814, 814
Segment (3, 2): 0, 0, 238, 238, 476, 476, 714, 714, 0, 0, 238, 238, 476, 476, 714, 714
Segment (3, 3): 0, 0, 201, 201, 401, 401, 602, 602, 0, 0, 201, 201, 401, 401, 602, 602
Segment (3, 4): 0, 0, 160, 160, 319, 319, 479, 479, 0, 0, 160, 160, 319, 319, 479, 479
Segment (3, 5): 0, 0, 116, 116, 232, 232, 348, 348, 0, 0, 116, 116, 232, 232, 348, 348
Segment (3, 6): 0, 0, 70, 70, 141, 141, 211, 211, 0, 0, 70, 70, 141, 141, 211, 211
Segment (3, 7): 0, 0, 24, 24, 47, 47, 71, 71, 0, 0, 24, 24, 47, 47, 71, 71
Segment (3, 8): 71, 71, 47, 47, 24, 24, 0, 0, 71, 71, 47, 47, 24, 24, 0, 0
Segment (3, 9): 211, 211, 141, 141, 70, 70, 0, 0, 211, 211, 141, 141, 70, 70, 0, 0
Segment (3, 10): 348, 348, 232, 232, 116, 116, 0, 0, 348, 348, 232, 232, 116, 116, 0, 0
Segment (3, 11): 479, 479, 319, 319, 160, 160, 0, 0, 479, 479, 319, 319, 160, 160, 0, 0
Segment (3, 12): 602, 602, 401, 401, 201, 201, 0, 0, 602, 602, 401, 401, 201, 201, 0, 0
Segment (3, 13): 714, 714, 476, 476, 238, 238, 0, 0, 714, 714, 476, 476, 238, 238, 0, 0
Segment (3, 14): 814, 814, 543, 543, 271, 271, 0, 0, 814, 814, 543, 543, 271, 271, 0, 0
Segment (3, 15): 901, 901, 600, 600, 300, 300, 0, 0, 901, 901, 600, 600, 300, 300, 0, 0
Segment (4, 0): 0, 0, 300, 300, 600, 600, 901, 901, 0, 0, 300, 300, 600, 600, 901, 901
Segment (4, 1): 0, 0, 271, 271, 543, 543, 814, 814, 0, 0, 271, 271, 543, 543, 814, 814
Segment (4, 2): 0, 0, 238, 238, 476, 476, 714, 714, 0, 0, 238, 238, 476, 476, 714, 714
Segment (4, 3): 0, 0, 201, 201, 401, 401, 602, 602, 0, 0, 201, 201, 401, 401, 602, 602
Segment (4, 4): 0, 0, 160, 160, 319, 319, 479, 479, 0, 0, 160, 160, 319, 319, 479, 479
Segment (4, 5): 0, 0, 116, 116, 232, 232, 348, 348, 0, 0, 116, 116, 232, 232, 348, 348
Segment (4, 6): 0, 0, 70, 70, 141, 141, 211, 211, 0, 0, 70, 70, 141, 141, 211, 211
Segment (4, 7): 0, 0, 24, 24, 47, 47, 71, 71, 0, 0, 24, 24, 47, 47, 71, 71
Segment (4, 8): 71, 71, 47, 47, 24, 24, 0, 0, 71, 71, 47, 47, 24, 24, 0, 0
Segment (4, 9): 211, 211, 141, 141, 70, 70, 0, 0, 211, 211, 141, 141, 70, 70, 0, 0
Segment (4, 10): 348, 348, 232, 232, 116, 116, 0, 0, 348, 348, 232, 232, 116, 116, 0, 0
Segment (4, 11): 479, 479, 319, 319, 160, 160, 0, 0, 479, 479, 319, 319, 160, 160, 0, 0
Segment (4, 12): 602, 602, 401, 401, 201, 201, 0, 0, 602, 602, 401, 401, 201, 201, 0, 0
Segment (4, 13): 714, 714, 476, 476, 238, 238, 0, 0, 714, 714, 476, 476, 238, 238, 0, 0
Segment (4, 14): 814, 814, 543, 543, 271, 271, 0, 0, 814, 814, 543, 543, 271, 271, 0, 0
Segment (4, 15): 901, 901, 600, 600, 300, 300, 0, 0, 901, 901, 600, 600, 300, 300, 0, 0
Segment (5, 0): 0, 0, 300, 300, 600, 600, 901, 901, 0, 0, 300, 300, 600, 600, 901, 901
Segment (5, 1): 0, 0, 271, 271, 543, 543, 814, 814, 0, 0, 271, 271, 543, 543, 814, 814
Segment (5, 2): 0, 0, 238, 238, 476, 476, 714, 714, 0, 0, 238, 238, 476, 476, 714, 714
Segment (5, 3): 0, 0, 201, 201, 401, 401, 602, 602, 0, 0, 201, 201, 401, 401, 602, 602
Segment (5, 4): 0, 0, 160, 160, 319, 319, 479, 479, 0, 0, 160, 160, 319, 319, 479, 479
Segment (5, 5): 0, 0, 116, 116, 232, 232, 348, 348, 0, 0, 116, 116, 232, 232, 348, 348
Segment (5, 6): 0, 0, 70, 70, 141, 141, 211, 211, 0, 0, 70, 70, 141, 141, 211, 211
Segment (5, 7): 0, 0, 24, 24, 47, 47, 71, 71, 0, 0, 24, 24, 47, 47, 71, 71
Segment (5, 8): 71, 71, 47, 47, 24, 24, 0, 0, 71, 71, 47, 47, 24, 24, 0, 0
Segment (5, 9): 211, 211, 141, 141, 70, 70, 0, 0, 211, 211, 141, 141, 70, 70, 0, 0
Segment (5, 10): 348, 348, 232, 232, 116, 116, 0, 0, 348, 348, 232, 232, 116, 116, 0, 0
Segment (5, 11): 479, 479, 319, 319, 160, 160, 0, 0, 479, 479, 319, 319, 160, 160, 0, 0
Segment (5, 12): 602, 602, 401, 401, 201, 201, 0, 0, 602, 602, 401, 401, 201, 201, 0, 0
Segment (5, 13): 714, 714, 476, 476, 238, 238, 0, 0, 714, 714, 476, 476, 238, 238, 0, 0
Segment (5, 14): 814, 814, 543, 543, 271, 271, 0, 0, 814, 814, 543, 543, 271, 271, 0, 0
Segment (5, 15): 901, 901, 600, 600, 300, 300, 0, 0, 901, 901, 600, 600, 300, 300, 0, 0
Segment (6, 0): 0, 0, 300, 300, 600, 600, 901, 901, 0, 0, 300, 300, 600, 600, 901, 901
Segment (6, 1): 0, 0, 271, 271, 543, 543, 814, 814, 0, 0, 271, 271, 543, 543, 814, 814
Segment (6, 2): 0, 0, 238, 238, 476, 476, 714, 714, 0, 0, 238, 238, 476, 476, 714, 714
Segment (6, 3): 0, 0, 201, 201, 401, 401, 602, 602, 0, 0, 201, 201, 401, 401, 602, 602
Segment (6, 4): 0, 0, 160, 160, 319, 319, 479, 479, 0, 0, 160, 160, 319, 319, 479, 479
Segment (6, 5): 0, 0, 116, 116, 232, 232, 348, 348, 0, 0, 116, 116, 232, 232, 348, 348
Segment (6, 6): 0, 0, 70, 70, 141, 141, 211, 211, 0, 0, 70, 70, 141, 141, 211, 211
Segment (6, 7): 0, 0, 24, 24, 47, 47, 71, 71, 0, 0, 24, 24, 47, 47, 71, 71
Segment (6, 8): 71, 71, 47, 47, 24, 24, 0, 0, 71, 71, 47, 47, 24, 24, 0, 0
Segment (6, 9): 211, 211, 141, 141, 70, 70, 0, 0, 211, 211, 141, 141, 70, 70, 0, 0
Segment (6, 10): 348, 348, 232, 232, 116, 116, 0, 0, 348, 348, 232, 232, 116, 116, 0, 0
Segment (6, 11): 479, 479, 319, 319, 160, 160, 0, 0, 479, 479, 319, 319, 160, 160, 0, 0
Segment (6, 12): 602, 602, 401, 401, 201, 201, 0, 0, 602, 602, 401, 401, 201, 201, 0, 0
Segment (6, 13): 714, 714, 476, 476, 238, 238, 0, 0, 714, 714, 476, 476, 238, 238, 0, 0
Segment (6, 14): 814, 814, 543, 543, 271, 271, 0, 0, 814, 814, 543, 543, 271, 271, 0, 0
Segment (6, 15): 901, 901, 600, 600, 300, 300, 0, 0, 901, 901, 600, 600, 300, 300, 0, 0
Segment (7, 0): 0, 0, 300, 300, 600, 600, 901, 901, 0, 0, 300, 300, 600, 600, 901, 901
Segment (7, 1): 0, 0, 271, 271, 543, 543, 814, 814, 0, 0, 271, 271, 543, 543, 814, 814
Segment (7, 2): 0, 0, 238, 238, 476, 476, 714, 714, 0, 0, 238, 238, 476, 476, 714, 714
Segment (7, 3): 0, 0, 201, 201, 401, 401, 602, 602, 0, 0, 201, 201, 401, 401, 602, 602
Segment (7, 4): 0, 0, 160, 160, 319, 319, 479, 479, 0, 0, 160, 160, 319, 319, 479, 479
Segment (7, 5): 0, 0, 116, 116, 232, 232, 348, 348, 0, 0, 116, 116, 232, 232, 348, 348
Segment (7, 6): 0, 0, 70, 70, 141, 141, 211, 211, 0, 0, 70, 70, 141, 141, 211, 211
Segment (7, 7): 0, 0, 24, 24, 47, 47, 71, 71, 0, 0, 24, 24, 47, 47, 71, 71
Segment (7, 8): 71, 71, 47, 47, 24, 24, 0, 0, 71, 71, 47, 47, 24, 24, 0, 0
Segment (7, 9): 211, 211, 141, 141, 70, 70, 0, 0, 211, 211, 141, 141, 70, 70, 0, 0
Segment (7, 10): 348, 348, 232, 232, 116, 116, 0, 0, 348, 348, 232, 232, 116, 116, 0, 0
Segment (7, 11): 479, 479, 319, 319, 160, 160, 0, 0, 479, 479, 319, 319, 160, 160, 0, 0
Segment (7, 12): 602, 602, 401, 401, 201, 201, 0, 0, 602, 602, 401, 401, 201, 201, 0, 0
Segment (7, 13): 714, 714, 476, 476, 238, 238, 0, 0, 714, 714, 476, 476, 238, 238, 0, 0
Segment (7, 14): 814, 814, 543, 543, 271, 271, 0, 0, 814, 814, 543, 543, 271, 271, 0, 0
Segment (7, 15): 901, 901, 600, 600, 300, 300, 0, 0, 901, 901, 600, 600, 300, 300, 0, 0
Segment (8, 0): 0, 0, 300, 300, 600, 600, 901, 901, 0, 0, 300, 300, 600, 600, 901, 901
Segment (8, 1): 0, 0, 271, 271, 543, 543, 814, 814, 0, 0, 271, 271, 543, 543, 814, 814
Segment (8, 2): 0, 0, 238, 238, 476, 476, 714, 714, 0, 0, 238, 238, 476, 476, 714, 714
Segment (8, 3): 0, 0, 201, 201, 401, 401, 602, 602, 0, 0, 201, 201, 401, 401, 602, 602
Segment (8, 4): 0, 0, 160, 160, 319, 319, 479, 479, 0, 0, 160, 160, 319, 319, 479, 479
Segment (8, 5): 0, 0, 116, 116, 232, 232, 348, 348, 0, 0, 116, 116, 232, 232, 348, 348
Segment (8, 6): 0, 0, 70, 70, 141, 141, 211, 211, 0, 0, 70, 70, 141, 141, 211, 211
Segment (8, 7): 0, 0, 24, 24, 47, 47, 71, 71, 0, 0, 24, 24, 47, 47, 71, 71
Segment (8, 8): 71, 71, 47, 47, 24, 24, 0, 0, 71, 71, 47, 47, 24, 24, 0, 0
Segment (8, 9): 211, 211, 141, 141, 70, 70, 0, 0, 211, 211, 141, 141, 70, 70, 0, 0
Segment (8, 10): 348, 348, 232, 232, 116, 116, 0, 0, 348, 348, 232, 232, 116, 116, 0, 0
Segment (8, 11): 479, 479, 319, 319, 160, 160, 0, 0, 479, 479, 319, 319, 160, 160, 0, 0
Segment (8, 12): 602, 602, 401, 401, 201, 201, 0, 0, 602, 602, 401, 401, 201, 201, 0, 0
Segment (8, 13): 714, 714, 476, 476, 238, 238, 0, 0, 714, 714, 476, 476, 238, 238, 0, 0
Segment (8, 14): 814, 814, 543, 543, 271, 271, 0, 0, 814, 814, 543, 543, 271, 271, 0, 0
Segment (8, 15): 901, 901, 600, 600, 300, 300, 0, 0, 901, 901, 600, 600, 300, 300, 0, 0
Segment (9, 0): 0, 0, 300, 300, 600, 600, 901, 901, 0, 0, 300, 300, 600, 600, 901, 901
Segment (9, 1): 0, 0, 271, 271, 543, 543, 814, 814, 0, 0, 271, 271, 543, 543, 814, 814
Segment (9, 2): 0, 0, 238, 238, 476, 476, 714, 714, 0, 0, 238, 238, 476, 476, 714, 714
Segment (9, 3): 0, 0, 201, 201, 401, 401, 602, 602, 0, 0, 201, 201, 401, 401, 602, 602
Segment (9, 4): 0, 0, 160, 160, 319, 319, 479, 479, 0, 0, 160, 160, 319, 319, 479, 479
Segment (9, 5): 0, 0, 116, 116, 232, 232, 348, 348, 0, 0, 116, 116, 232, 232, 348, 348
Segment (9, 6): 0, 0, 70, 70, 141, 141, 211, 211, 0, 0, 70, 70, 141, 141, 211, 211
Segment (9, 7): 0, 0, 24, 24, 47, 47, 71, 71, 0, 0, 24, 24, 47, 47, 71, 71
Segment (9, 8): 71, 71, 47, 47, 24, 24, 0, 0, 71, 71, 47, 47, 24, 24, 0, 0
Segment (9, 9): 211, 211, 141, 141, 70, 70, 0, 0, 211, 211, 141, 141, 70, 70, 0, 0
Segment (9, 10): 348, 348, 232, 232, 116, 116, 0, 0, 348, 348, 232, 232, 116, 116, 0, 0
Segment (9, 11): 479, 479, 319, 319, 160, 160, 0, 0, 479, 479, 319, 319, 160, 160, 0, 0
Segment (9, 12): 602, 602, 401, 401, 201, 201, 0, 0, 602, 602, 401, 401, 201, 201, 0, 0
Segment (9, 13): 714, 714, 476, 476, 238, 238, 0, 0, 714, 714, 476, 476, 238, 238, 0, 0
Segment (9, 14): 814, 814, 543, 543, 271, 271, 0, 0, 814, 814, 543, 543, 271, 271, 0, 0
Segment (9, 15): 901, 901, 600, 600, 300, 300, 0, 0, 901, 901, 600, 600, 300, 300, 0, 0
Segment (10, 0): 0, 0, 300, 300, 600, 600, 901, 901, 0, 0, 300, 300, 600, 600, 901, 901
Segment (10, 1): 0, 0, 271, 271, 543, 543, 814, 814, 0, 0, 271, 271, 543, 543, 814, 814
Segment (10, 2): 0, 0, 238, 238, 476, 476, 714, 714, 0, 0, 238, 238, 476, 476, 714, 714
Segment (10, 3): 0, 0, 201, 201, 401, 401, 602, 602, 0, 0, 201, 201, 401, 401, 602, 602
Segment (10, 4): 0, 0, 160, 160, 319, 319, 479, 479, 0, 0, 160, 160, 319, 319, 479, 479
Segment (10, 5): 0, 0, 116, 116, 232, 232, 348, 348, 0, 0, 116, 116, 232, 232, 348, 348
Segment (10, 6): 0, 0, 70, 70, 141, 141, 211, 211, 0, 0, 70, 70, 141, 141, 211, 211
Segment (10, 7): 0, 0, 24, 24, 47, 47, 71, 71, 0, 0, 24, 24, 47, 47, 71, 71
Segment (10, 8): 71, 71, 47, 47, 24, 24, 0, 0, 71, 71, 47, 47, 24, 24, 0, 0
Segment (10, 9): 211, 211, 141, 141, 70, 70, 0, 0, 211, 211, 141, 141, 70, 70, 0, 0
Segment (10, 10): 348, 348, 232, 232, 116, 116, 0, 0, 348, 348, 232, 232, 116, 116, 0, 0
Segment (10, 11): 479, 479, 319, 319, 160, 160, 0, 0, 479, 479, 319, 319, 160, 160, 0, 0
Segment (10, 12): 602, 602, 401, 401, 201, 201, 0, 0, 602, 602, 401, 401, 201, 201, 0, 0
Segment (10, 13): 714, 714, 476, 476, 238, 238, 0, 0, 714, 714, 476, 476, 238, 238, 0, 0
Segment (10, 14): 814, 814, 543, 543, 271, 271, 0, 0, 814, 814, 543, 543, 271, 271, 0, 0
Segment (10, 15): 901, 901, 600, 600, 300, 300, 0, 0, 901, 901, 600, 600, 300, 300, 0, 0
Segment (11, 0): 0, 0, 300, 300, 600, 600, 901, 901, 0, 0, 300, 300, 600, 600, 901, 901
Segment (11, 1): 0, 0, 271, 271, 543, 543, 814, 814, 0, 0, 271, 271, 543, 543, 814, 814
Segment (11, 2): 0, 0, 238, 238, 476, 476, 714, 714, 0, 0, 238, 238, 476, 476, 714, 714
Segment (11, 3): 0, 0, 201, 201, 401, 401, 602, 602, 0, 0, 201, 201, 401, 401, 602, 602
Segment (11, 4): 0, 0, 160, 160, 319, 319, 479, 479, 0, 0, 160, 160, 319, 319, 479, 479
Segment (11, 5): 0, 0, 116, 116, 232, 232, 348, 348, 0, 0, 116, 116, 232, 232, 348, 348
Segment (11, 6): 0, 0, 70, 70, 141, 141, 211, 211, 0, 0, 70, 70, 141, 141, 211, 211
Segment (11, 7): 0, 0, 24, 24, 47, 47, 71, 71, 0, 0, 24, 24, 47, 47, 71, 71
Segment (11, 8): 71, 71, 47, 47, 24, 24, 0, 0, 71, 71, 47, 47, 24, 24, 0, 0
Segment (11, 9): 211, 211, 141, 141, 70, 70, 0, 0, 211, 211, 141, 141, 70, 70, 0, 0
Segment (11, 10): 348, 348, 232, 232, 116, 116, 0, 0, 348, 348, 232, 232, 116, 116, 0, 0
Segment (11, 11): 479, 479, 319, 319, 160, 160, 0, 0, 479, 479, 319, 319, 160, 160, 0, 0
Segment (11, 12): 602, 602, 401, 401, 201, 201, 0, 0, 602, 602, 401, 401, 201, 201, 0, 0
Segment (11, 13): 714, 714, 476, 476, 238, 238, 0, 0, 714, 714, 476, 476, 238, 238, 0, 0
Segment (11, 14): 814, 814, 543, 543, 271, 271, 0, 0, 814, 814, 543, 543, 271, 271, 0, 0
Segment (11, 15): 901, 901, 600, 600, 300, 300, 0, 0, 901, 901, 600, 600, 300, 300, 0, 0
Segment (12, 0): 0, 0, 300, 300, 600, 600, 901, 901, 0, 0, 300, 300, 600, 600, 901, 901
Segment (12, 1): 0, 0, 271, 271, 543, 543, 814, 814, 0, 0, 271, 271, 543, 543, 814, 814
Segment (12, 2): 0, 0, 238, 238, 476, 476, 714, 714, 0, 0, 238, 238, 476, 476, 714, 714
Segment (12, 3): 0, 0, 201, 201, 401, 401, 602, 602, 0, 0, 201, 201, 401, 401, 602, 602
Segment (12, 4): 0, 0, 160, 160, 319, 319, 479, 479, 0, 0, 160, 160, 319, 319, 479, 479
Segment (12, 5): 0, 0, 116, 116, 232, 232, 348, 348, 0, 0, 116, 116, 232, 232, 348, 348
Segment (12, 6): 0, 0, 70, 70, 141, 141, 211, 211, 0, 0, 70, 70, 141, 141, 211, 211
Segment (12, 7): 0, 0, 24, 24, 47, 47, 71, 71, 0, 0, 24, 24, 47, 47, 71, 71
Segment (12, 8): 71, 71, 47, 47, 24, 24, 0, 0, 71, 71, 47, 47, 24, 24, 0, 0
Segment (12, 9): 211, 211, 141, 141, 70, 70, 0, 0, 211, 211, 141, 141, 70, 70, 0, 0
Segment (12, 10): 348, 348, 232, 232, 116, 116, 0, 0, 348, 348, 232, 232, 116, 116, 0, 0
Segment (12, 11): 479, 479, 319, 319, 160, 160, 0, 0, 479, 479, 319, 319, 160, 160, 0, 0
Segment (12, 12): 602, 602, 401, 401, 201, 201, 0, 0, 602, 602, 401, 401, 201, 201, 0, 0
Segment (12, 13): 714, 714, 476, 476, 238, 238, 0, 0, 714, 714, 476, 476, 238, 238, 0, 0
Segment (12, 14): 814, 814, 543, 543, 271, 271, 0, 0, 814, 814, 543, 543, 271, 271, 0, 0
Segment (12, 15): 901, 901, 600, 600, 300, 300, 0, 0, 901, 901, 600, 600, 300, 300, 0, 0
Segment (13, 0): 0, 0, 300, 300, 600, 600, 901, 901, 0, 0, 300, 300, 600, 600, 901, 901
Segment (13, 1): 0, 0, 271, 271, 543, 543, 814, 814, 0, 0, 271, 271, 543, 543, 814, 814
Segment (13, 2): 0, 0, 238, 238, 476, 476, 714, 714, 0, 0, 238, 238, 476, 476, 714, 714
Segment (13, 3): 0, 0, 201, 201, 401, 401, 602, 602, 0, 0, 201, 201, 401, 401, 602, 602
Segment (13, 4): 0, 0, 160, 160, 319, 319, 479, 479, 0, 0, 160, 160, 319, 319, 479, 479
Segment (13, 5): 0, 0, 116, 116, 232, 232, 348, 348, 0, 0, 116, 116, 232, 232, 348, 348
Segment (13, 6): 0, 0, 70, 70, 141, 141, 211, 211, 0, 0, 70, 70, 141, 141, 211, 211
Segment (13, 7): 0, 0, 24, 24, 47, 47, 71, 71, 0, 0, 24, 24, 47, 47, 71, 71
Segment (13, 8): 71, 71, 47, 47, 24, 24, 0, 0, 71, 71, 47, 47, 24, 24, 0, 0
Segment (13, 9): 211, 211, 141, 141, 70, 70, 0, 0, 211, 211, 141, 141, 70, 70, 0, 0
Segment (13, 10): 348, 348, 232, 232, 116, 116, 0, 0, 348, 348, 232, 232, 116, 116, 0, 0
Segment (13, 11): 479, 479, 319, 319, 160, 160, 0, 0, 479, 479, 319, 319, 160, 160, 0, 0
Segment (13, 12): 602, 602, 401, 401, 201, 201, 0, 0, 602, 602, 401, 401, 201, 201, 0, 0
Segment (13, 13): 714, 714, 476, 476, 238, 238, 0, 0, 714, 714, 476, 476, 238, 238, 0, 0
Segment (13, 14): 814, 814, 543, 543, 271, 271, 0, 0, 814, 814, 543, 543, 271, 271, 0, 0
Segment (13, 15): 901, 901, 600, 600, 300, 300, 0, 0, 901, 901, 600, 600, 300, 300, 0, 0
Segment (14, 0): 0, 0, 300, 300, 600, 600, 901, 901, 0, 0, 300, 300, 600, 600, 901, 901
Segment (14, 1): 0, 0, 271, 271, 543, 543, 814, 814, 0, 0, 271, 271, 543, 543, 814, 814
Segment (14, 2): 0, 0, 238, 238, 476, 476, 714, 714, 0, 0, 238, 238, 476, 476, 714, 714
Segment (14, 3): 0, 0, 201, 201, 401, 401, 602, 602, 0, 0, 201, 201, 401, 401, 602, 602
Segment (14, 4): 0, 0, 160, 160, 319, 319, 479, 479, 0, 0, 160, 160, 319, 319, 479, 479
Segment (14, 5): 0, 0, 116, 116, 232, 232, 348, 348, 0, 0, 116, 116, 232, 232, 348, 348
Segment (14, 6): 0, 0, 70, 70, 141, 141, 211, 211, 0, 0, 70, 70, 141, 141, 211, 211
Segment (14, 7): 0, 0, 24, 24, 47, 47, 71, 71, 0, 0, 24, 24, 47, 47, 71, 71
Segment (14, 8): 71, 71, 47, 47, 24, 24, 0, 0, 71, 71, 47, 47, 24, 24, 0, 0
Segment (14, 9): 211, 211, 141, 141, 70, 70, 0, 0, 211, 211, 141, 141, 70, 70, 0, 0
Segment (14, 10): 348, 348, 232, 232, 116, 116, 0, 0, 348, 348, 232, 232, 116, 116, 0, 0
Segment (14, 11): 479, 479, 319, 319, 160, 160, 0, 0, 479, 479, 319, 319, 160, 160, 0, 0
Segment (14, 12): 602, 602, 401, 401, 201, 201, 0, 0, 602, 602, 401, 401, 201, 201, 0, 0
Segment (14, 13): 714, 714, 476, 476, 238, 238, 0, 0, 714, 714, 476, 476, 238, 238, 0, 0
Segment (14, 14): 814, 814, 543, 543, 271, 271, 0, 0, 814, 814, 543, 543, 271, 271, 0, 0
Segment (14, 15): 901, 901, 600, 600, 300, 300, 0, 0, 901, 901, 600, 600, 300, 300, 0, 0
Segment (15, 0): 0, 0, 300, 300, 600, 600, 901, 901, 0, 0, 300, 300, 600, 600, 901, 901
Segment (15, 1): 0, 0, 271, 271, 543, 543, 814, 814, 0, 0, 271, 271, 543, 543, 814, 814
Segment (15, 2): 0, 0, 238, 238, 476, 476, 714, 714, 0, 0, 238, 238, 476, 476, 714, 714
Segment (15, 3): 0, 0, 201, 201, 401, 401, 602, 602, 0, 0, 201, 201, 401, 401, 602, 602
Segment (15, 4): 0, 0, 160, 160, 319, 319, 479, 479, 0, 0, 160, 160, 319, 319, 479, 479
Segment (15, 5): 0, 0, 116, 116, 232, 232, 348, 348, 0, 0, 116, 116, 232, 232, 348, 348
Segment (15, 6): 0, 0, 70, 70, 141, 141, 211, 211, 0, 0, 70, 70, 141, 141, 211, 211
Segment (15, 7): 0, 0, 24, 24, 47, 47, 71, 71, 0, 0, 24, 24, 47, 47, 71, 71
Segment (15, 8): 71, 71, 47, 47, 24, 24, 0, 0, 71, 71, 47, 47, 24, 24, 0, 0
Segment (15, 9): 211, 211, 141, 141, 70, 70, 0, 0, 211, 211, 141, 141, 70, 70, 0, 0
Segment (15, 10): 348, 348, 232, 232, 116, 116, 0, 0, 348, 348, 232, 232, 116, 116, 0, 0
Segment (15, 11): 479, 479, 319, 319, 160, 160, 0, 0, 479, 479, 319, 319, 160, 160, 0, 0
Segment (15, 12): 602, 602, 401, 401, 201, 201, 0, 0, 602, 602, 401, 401, 201, 201, 0, 0
Segment (15, 13): 714, 714, 476, 476, 238, 238, 0, 0, 714, 714, 476, 476, 238, 238, 0, 0
Segment (15, 14): 814, 814, 543, 543, 271, 271, 0, 0, 814, 814, 543, 543, 271, 271, 0, 0
Segment (15, 15): 901, 901, 600, 600, 300, 300, 0, 0, 901, 901, 600, 600, 300, 300, 0, 0
