Segment (0, 0): 3103, 3574, 2328, 2898, 1634, 2328, 1105, 1932, 2681, 2791, 1787, 1932, 894, 1105, 0, 370
Segment (0, 1): 2885, 3391, 2204, 2806, 1602, 2322, 1153, 1992, 2424, 2545, 1616, 1776, 808, 1039, 0, 397
Segment (0, 2): 2642, 3193, 2069, 2713, 1572, 2324, 1214, 2064, 2126, 2263, 1417, 1597, 709, 967, 0, 432
Segment (0, 3): 2386, 2993, 1933, 2627, 1552, 2338, 1287, 2149, 1791, 1953, 1194, 1405, 597, 894, 0, 478
Segment (0, 4): 2134, 2811, 1811, 2561, 1549, 2369, 1374, 2247, 1426, 1626, 951, 1208, 475, 829, 0, 537
Segment (0, 5): 1914, 2671, 1721, 2529, 1571, 2423, 1475, 2358, 1036, 1300, 691, 1023, 345, 784, 0, 613
Segment (0, 6): 1765, 2599, 1685, 2544, 1626, 2504, 1590, 2479, 629, 1016, 419, 883, 210, 777, 0, 708
Segment (0, 7): 1739, 2625, 1729, 2619, 1722, 2614, 1718, 2612, 211, 867, 141, 848, 70, 834, 0, 826
Segment (0, 8): 1789, 2682, 1787, 2681, 1789, 2682, 1793, 2685, 70, 896, 0, 894, 70, 896, 141, 905
Segment (0, 9): 1800, 2689, 1787, 2681, 1800, 2689, 1836, 2713, 210, 918, 0, 894, 210, 918, 419, 987
Segment (0, 10): 1820, 2703, 1787, 2681, 1820, 2703, 1916, 2768, 345, 958, 0, 894, 345, 958, 691, 1130
Segment (0, 11): 1849, 2723, 1787, 2681, 1849, 2723, 2024, 2844, 475, 1012, 0, 894, 475, 1012, 951, 1305
Segment (0, 12): 1884, 2747, 1787, 2681, 1884, 2747, 2150, 2935, 597, 1075, 0, 894, 597, 1075, 1194, 1492
Segment (0, 13): 1923, 2773, 1787, 2681, 1923, 2773, 2281, 3032, 709, 1140, 0, 894, 709, 1140, 1417, 1675
Segment (0, 14): 1961, 2800, 1787, 2681, 1961, 2800, 2410, 3130, 808, 1205, 0, 894, 808, 1205, 1616, 1847
Segment (0, 15): 1998, 2826, 1787, 2681, 1998, 2826, 2528, 3222, 894, 1264, 0, 894, 894, 1264, 1787, 1998
Segment (1, 0): 3029, 3425, 2237, 2721, 1516, 2118, 953, 1690, 2681, 2771, 1787, 1906, 894, 1068, 0, 311
Segment (1, 1): 2806, 3232, 2105, 2620, 1477, 2105, 999, 1747, 2424, 2524, 1616, 1747, 808, 999, 0, 335
Segment (1, 2): 2554, 3021, 1962, 2516, 1441, 2099, 1056, 1817, 2126, 2239, 1417, 1566, 709, 923, 0, 366
Segment (1, 3): 2287, 2806, 1815, 2417, 1412, 2105, 1126, 1899, 1791, 1924, 1194, 1368, 597, 845, 0, 408
Segment (1, 4): 2020, 2606, 1680, 2337, 1400, 2129, 1209, 1995, 1426, 1591, 951, 1164, 475, 772, 0, 462
Segment (1, 5): 1781, 2445, 1574, 2291, 1412, 2175, 1307, 2103, 1036, 1255, 691, 969, 345, 718, 0, 533
Segment (1, 6): 1611, 2355, 1525, 2295, 1460, 2250, 1420, 2224, 629, 955, 419, 814, 210, 701, 0, 625
Segment (1, 7): 1570, 2370, 1559, 2363, 1552, 2358, 1547, 2355, 211, 785, 141, 765, 70, 750, 0, 741
Segment (1, 8): 1618, 2425, 1616, 2424, 1618, 2425, 1622, 2428, 70, 811, 0, 808, 70, 811, 141, 820
Segment (1, 9): 1630, 2433, 1616, 2424, 1630, 2433, 1670, 2460, 210, 835, 0, 808, 210, 835, 419, 910
Segment (1, 10): 1653, 2449, 1616, 2424, 1653, 2449, 1758, 2521, 345, 879, 0, 808, 345, 879, 691, 1063
Segment (1, 11): 1685, 2470, 1616, 2424, 1685, 2470, 1875, 2604, 475, 937, 0, 808, 475, 937, 951, 1248
Segment (1, 12): 1723, 2497, 1616, 2424, 1723, 2497, 2009, 2702, 597, 1005, 0, 808, 597, 1005, 1194, 1442
Segment (1, 13): 1765, 2526, 1616, 2424, 1765, 2526, 2150, 2808, 709, 1075, 0, 808, 709, 1075, 1417, 1631
Segment (1, 14): 1807, 2555, 1616, 2424, 1807, 2555, 2285, 2913, 808, 1143, 0, 808, 808, 1143, 1616, 1807
Segment (1, 15): 1847, 2584, 1616, 2424, 1847, 2584, 2410, 3012, 894, 1205, 0, 808, 894, 1205, 1787, 1961
Segment (2, 0): 2952, 3265, 2139, 2528, 1387, 1884, 782, 1412, 2681, 2750, 1787, 1879, 894, 1029, 0, 247
Segment (2, 1): 2721, 3061, 2000, 2416, 1341, 1862, 823, 1466, 2424, 2501, 1616, 1718, 808, 957, 0, 267
Segment (2, 2): 2460, 2835, 1846, 2298, 1296, 1846, 876, 1532, 2126, 2213, 1417, 1532, 709, 876, 0, 294
Segment (2, 3): 2180, 2600, 1687, 2183, 1256, 1841, 941, 1611, 1791, 1894, 1194, 1329, 597, 792, 0, 330
Segment (2, 4): 1896, 2377, 1535, 2085, 1231, 1853, 1020, 1703, 1426, 1554, 951, 1117, 475, 710, 0, 378
Segment (2, 5): 1634, 2190, 1410, 2020, 1231, 1890, 1113, 1808, 1036, 1208, 691, 910, 345, 644, 0, 443
Segment (2, 6): 1437, 2076, 1341, 2007, 1268, 1957, 1223, 1927, 629, 888, 419, 738, 210, 614, 0, 529
Segment (2, 7): 1375, 2074, 1363, 2066, 1354, 2060, 1349, 2057, 211, 692, 141, 669, 70, 652, 0, 642
Segment (2, 8): 1419, 2127, 1417, 2126, 1419, 2127, 1424, 2131, 70, 712, 0, 709, 70, 712, 141, 722
Segment (2, 9): 1433, 2136, 1417, 2126, 1433, 2136, 1478, 2167, 210, 739, 0, 709, 210, 739, 419, 823
Segment (2, 10): 1459, 2154, 1417, 2126, 1459, 2154, 1577, 2235, 345, 788, 0, 709, 345, 788, 691, 990
Segment (2, 11): 1495, 2178, 1417, 2126, 1495, 2178, 1707, 2329, 475, 853, 0, 709, 475, 853, 951, 1186
Segment (2, 12): 1538, 2208, 1417, 2126, 1538, 2208, 1853, 2438, 597, 927, 0, 709, 597, 927, 1194, 1389
Segment (2, 13): 1585, 2241, 1417, 2126, 1585, 2241, 2004, 2555, 709, 1002, 0, 709, 709, 1002, 1417, 1585
Segment (2, 14): 1631, 2274, 1417, 2126, 1631, 2274, 2150, 2670, 808, 1075, 0, 709, 808, 1075, 1616, 1765
Segment (2, 15): 1675, 2306, 1417, 2126, 1675, 2306, 2281, 2777, 894, 1140, 0, 709, 894, 1140, 1787, 1923
Segment (3, 0): 2875, 3105, 2041, 2331, 1256, 1637, 598, 1108, 2681, 2730, 1787, 1853, 894, 991, 0, 181
Segment (3, 1): 2638, 2887, 1894, 2206, 1201, 1605, 634, 1157, 2424, 2479, 1616, 1689, 808, 915, 0, 197
Segment (3, 2): 2367, 2644, 1730, 2071, 1145, 1576, 680, 1218, 2126, 2188, 1417, 1500, 709, 829, 0, 218
Segment (3, 3): 2073, 2388, 1556, 1936, 1092, 1556, 738, 1291, 1791, 1865, 1194, 1291, 597, 738, 0, 247
Segment (3, 4): 1770, 2137, 1385, 1814, 1051, 1553, 810, 1378, 1426, 1518, 951, 1071, 475, 647, 0, 288
Segment (3, 5): 1481, 1917, 1236, 1724, 1034, 1574, 898, 1479, 1036, 1160, 691, 851, 345, 568, 0, 344
Segment (3, 6): 1250, 1768, 1140, 1689, 1056, 1630, 1003, 1594, 629, 820, 419, 658, 210, 520, 0, 423
Segment (3, 7): 1157, 1743, 1142, 1733, 1132, 1727, 1126, 1722, 211, 590, 141, 563, 70, 543, 0, 531
Segment (3, 8): 1196, 1793, 1194, 1791, 1196, 1793, 1202, 1797, 70, 601, 0, 597, 70, 601, 141, 613
Segment (3, 9): 1212, 1804, 1194, 1791, 1212, 1804, 1266, 1840, 210, 633, 0, 597, 210, 633, 419, 730
Segment (3, 10): 1243, 1824, 1194, 1791, 1243, 1824, 1380, 1920, 345, 690, 0, 597, 345, 690, 691, 913
Segment (3, 11): 1285, 1853, 1194, 1791, 1285, 1853, 1526, 2028, 475, 763, 0, 597, 475, 763, 951, 1123
Segment (3, 12): 1335, 1888, 1194, 1791, 1335, 1888, 1689, 2153, 597, 844, 0, 597, 597, 844, 1194, 1335
Segment (3, 13): 1389, 1926, 1194, 1791, 1389, 1926, 1853, 2284, 709, 927, 0, 597, 709, 927, 1417, 1538
Segment (3, 14): 1442, 1965, 1194, 1791, 1442, 1965, 2009, 2413, 808, 1005, 0, 597, 808, 1005, 1616, 1723
Segment (3, 15): 1492, 2002, 1194, 1791, 1492, 2002, 2150, 2530, 894, 1075, 0, 597, 894, 1075, 1787, 1884
Segment (4, 0): 2805, 2955, 1951, 2143, 1131, 1393, 411, 789, 2681, 2712, 1787, 1829, 894, 956, 0, 119
Segment (4, 1): 2561, 2725, 1796, 2004, 1067, 1347, 440, 831, 2424, 2459, 1616, 1662, 808, 877, 0, 129
Segment (4, 2): 2281, 2464, 1620, 1851, 998, 1302, 477, 884, 2126, 2165, 1417, 1470, 709, 786, 0, 145
Segment (4, 3): 1974, 2185, 1431, 1693, 929, 1263, 526, 949, 1791, 1838, 1194, 1256, 597, 688, 0, 166
Segment (4, 4): 1650, 1901, 1239, 1541, 869, 1239, 588, 1028, 1426, 1485, 951, 1028, 475, 588, 0, 197
Segment (4, 5): 1332, 1640, 1061, 1417, 830, 1239, 666, 1122, 1036, 1116, 691, 795, 345, 493, 0, 242
Segment (4, 6): 1058, 1445, 930, 1349, 829, 1277, 764, 1232, 629, 754, 419, 579, 210, 424, 0, 310
Segment (4, 7): 921, 1383, 904, 1371, 891, 1363, 883, 1357, 211, 482, 141, 450, 70, 425, 0, 410
Segment (4, 8): 953, 1428, 951, 1426, 953, 1428, 961, 1433, 70, 481, 0, 475, 70, 481, 141, 496
Segment (4, 9): 974, 1441, 951, 1426, 974, 1441, 1039, 1486, 210, 520, 0, 475, 210, 520, 419, 634
Segment (4, 10): 1012, 1467, 951, 1426, 1012, 1467, 1175, 1585, 345, 588, 0, 475, 345, 588, 691, 839
Segment (4, 11): 1063, 1503, 951, 1426, 1063, 1503, 1344, 1714, 475, 672, 0, 475, 475, 672, 951, 1063
Segment (4, 12): 1123, 1546, 951, 1426, 1123, 1546, 1526, 1860, 597, 763, 0, 475, 597, 763, 1194, 1285
Segment (4, 13): 1186, 1592, 951, 1426, 1186, 1592, 1707, 2011, 709, 853, 0, 475, 709, 853, 1417, 1495
Segment (4, 14): 1248, 1639, 951, 1426, 1248, 1639, 1875, 2155, 808, 937, 0, 475, 808, 937, 1616, 1685
Segment (4, 15): 1305, 1683, 951, 1426, 1305, 1683, 2024, 2286, 894, 1012, 0, 475, 894, 1012, 1787, 1849
Segment (5, 0): 2747, 2828, 1875, 1981, 1023, 1172, 236, 475, 2681, 2698, 1787, 1809, 894, 927, 0, 64
Segment (5, 1): 2497, 2586, 1713, 1828, 950, 1112, 255, 506, 2424, 2443, 1616, 1641, 808, 845, 0, 71
Segment (5, 2): 2209, 2309, 1527, 1656, 868, 1047, 281, 547, 2126, 2147, 1417, 1445, 709, 750, 0, 80
Segment (5, 3): 1889, 2006, 1323, 1472, 783, 984, 316, 599, 1791, 1816, 1194, 1227, 597, 646, 0, 93
Segment (5, 4): 1548, 1690, 1109, 1288, 700, 931, 363, 665, 1426, 1457, 951, 992, 475, 536, 0, 112
Segment (5, 5): 1200, 1382, 900, 1120, 632, 900, 427, 747, 1036, 1079, 691, 747, 345, 427, 0, 143
Segment (5, 6): 877, 1124, 725, 1003, 599, 908, 512, 848, 629, 697, 419, 508, 210, 334, 0, 194
Segment (5, 7): 676, 1004, 652, 987, 635, 976, 624, 968, 211, 375, 141, 334, 70, 303, 0, 282
Segment (5, 8): 695, 1039, 691, 1036, 695, 1039, 705, 1046, 70, 353, 0, 345, 70, 353, 141, 373
Segment (5, 9): 722, 1057, 691, 1036, 722, 1057, 808, 1118, 210, 404, 0, 345, 210, 404, 419, 543
Segment (5, 10): 772, 1092, 691, 1036, 772, 1092, 977, 1246, 345, 489, 0, 345, 345, 489, 691, 772
Segment (5, 11): 839, 1140, 691, 1036, 839, 1140, 1175, 1406, 475, 588, 0, 345, 475, 588, 951, 1012
Segment (5, 12): 913, 1196, 691, 1036, 913, 1196, 1380, 1581, 597, 690, 0, 345, 597, 690, 1194, 1243
Segment (5, 13): 990, 1256, 691, 1036, 990, 1256, 1577, 1756, 709, 788, 0, 345, 709, 788, 1417, 1459
Segment (5, 14): 1063, 1314, 691, 1036, 1063, 1314, 1758, 1920, 808, 879, 0, 345, 808, 879, 1616, 1653
Segment (5, 15): 1130, 1368, 691, 1036, 1130, 1368, 1916, 2066, 894, 958, 0, 345, 894, 958, 1787, 1820
Segment (6, 0): 2705, 2736, 1820, 1860, 942, 1001, 94, 199, 2681, 2687, 1787, 1795, 894, 906, 0, 24
Segment (6, 1): 2451, 2485, 1652, 1696, 862, 926, 102, 216, 2424, 2431, 1616, 1625, 808, 822, 0, 27
Segment (6, 2): 2157, 2195, 1458, 1508, 769, 842, 115, 239, 2126, 2134, 1417, 1428, 709, 724, 0, 30
Segment (6, 3): 1828, 1873, 1243, 1301, 669, 753, 133, 270, 1791, 1800, 1194, 1206, 597, 615, 0, 36
Segment (6, 4): 1472, 1527, 1011, 1083, 564, 665, 159, 313, 1426, 1438, 951, 966, 475, 498, 0, 44
Segment (6, 5): 1099, 1173, 773, 867, 463, 589, 198, 372, 1036, 1052, 691, 712, 345, 377, 0, 59
Segment (6, 6): 728, 839, 546, 680, 383, 546, 259, 453, 629, 655, 419, 453, 210, 259, 0, 87
Segment (6, 7): 435, 619, 399, 593, 372, 574, 355, 563, 211, 280, 141, 227, 70, 182, 0, 151
Segment (6, 8): 425, 633, 419, 629, 425, 633, 442, 645, 70, 221, 0, 210, 70, 221, 141, 252
Segment (6, 9): 469, 663, 419, 629, 469, 663, 593, 756, 210, 297, 0, 210, 210, 297, 419, 469
Segment (6, 10): 543, 718, 419, 629, 543, 718, 808, 934, 345, 404, 0, 210, 345, 404, 691, 722
Segment (6, 11): 634, 788, 419, 629, 634, 788, 1039, 1140, 475, 520, 0, 210, 475, 520, 951, 974
Segment (6, 12): 730, 867, 419, 629, 730, 867, 1266, 1350, 597, 633, 0, 210, 597, 633, 1194, 1212
Segment (6, 13): 823, 948, 419, 629, 823, 948, 1478, 1551, 709, 739, 0, 210, 709, 739, 1417, 1433
Segment (6, 14): 910, 1024, 419, 629, 910, 1024, 1670, 1734, 808, 835, 0, 210, 808, 835, 1616, 1630
Segment (6, 15): 987, 1093, 419, 629, 987, 1093, 1836, 1895, 894, 918, 0, 210, 894, 918, 1787, 1800
Segment (7, 0): 2684, 2687, 1791, 1796, 899, 906, 11, 25, 2681, 2682, 1787, 1788, 894, 895, 0, 3
Segment (7, 1): 2427, 2431, 1620, 1625, 814, 822, 12, 27, 2424, 2425, 1616, 1617, 808, 810, 0, 3
Segment (7, 2): 2129, 2134, 1422, 1428, 716, 724, 14, 31, 2126, 2127, 1417, 1418, 709, 710, 0, 3
Segment (7, 3): 1795, 1801, 1200, 1207, 605, 616, 16, 36, 1791, 1792, 1194, 1196, 597, 599, 0, 4
Segment (7, 4): 1431, 1438, 958, 966, 486, 498, 20, 45, 1426, 1427, 951, 952, 475, 478, 0, 5
Segment (7, 5): 1044, 1052, 700, 712, 360, 377, 28, 59, 1036, 1038, 691, 693, 345, 349, 0, 7
Segment (7, 6): 641, 655, 435, 454, 233, 260, 43, 88, 629, 632, 419, 423, 210, 216, 0, 11
Segment (7, 7): 244, 281, 183, 228, 129, 183, 87, 152, 211, 220, 141, 152, 70, 87, 0, 29
Segment (7, 8): 157, 222, 141, 211, 157, 222, 199, 253, 70, 99, 0, 70, 70, 99, 141, 157
Segment (7, 9): 252, 297, 141, 211, 252, 297, 442, 469, 210, 221, 0, 70, 210, 221, 419, 425
Segment (7, 10): 373, 405, 141, 211, 373, 405, 705, 722, 345, 353, 0, 70, 345, 353, 691, 695
Segment (7, 11): 496, 520, 141, 211, 496, 520, 961, 974, 475, 481, 0, 70, 475, 481, 951, 953
Segment (7, 12): 613, 633, 141, 211, 613, 633, 1202, 1213, 597, 601, 0, 70, 597, 601, 1194, 1196
Segment (7, 13): 722, 739, 141, 211, 722, 739, 1424, 1433, 709, 712, 0, 70, 709, 712, 1417, 1419
Segment (7, 14): 820, 835, 141, 211, 820, 835, 1622, 1630, 808, 811, 0, 70, 808, 811, 1616, 1618
Segment (7, 15): 905, 918, 141, 211, 905, 918, 1793, 1800, 894, 896, 0, 70, 894, 896, 1787, 1789
Segment (8, 0): 2682, 2681, 1788, 1787, 895, 894, 3, 0, 2687, 2684, 1796, 1791, 906, 899, 25, 11
Segment (8, 1): 2425, 2424, 1617, 1616, 810, 808, 3, 0, 2431, 2427, 1625, 1620, 822, 814, 27, 12
Segment (8, 2): 2127, 2126, 1418, 1417, 710, 709, 3, 0, 2134, 2129, 1428, 1422, 724, 716, 31, 14
Segment (8, 3): 1792, 1791, 1196, 1194, 599, 597, 4, 0, 1801, 1795, 1207, 1200, 616, 605, 36, 16
Segment (8, 4): 1427, 1426, 952, 951, 478, 475, 5, 0, 1438, 1431, 966, 958, 498, 486, 45, 20
Segment (8, 5): 1038, 1036, 693, 691, 349, 345, 7, 0, 1052, 1044, 712, 700, 377, 360, 59, 28
Segment (8, 6): 632, 629, 423, 419, 216, 210, 11, 0, 655, 641, 454, 435, 260, 233, 88, 43
Segment (8, 7): 220, 211, 152, 141, 87, 70, 29, 0, 281, 244, 228, 183, 183, 129, 152, 87
Segment (8, 8): 99, 70, 70, 0, 99, 70, 157, 141, 222, 157, 211, 141, 222, 157, 253, 199
Segment (8, 9): 221, 210, 70, 0, 221, 210, 425, 419, 297, 252, 211, 141, 297, 252, 469, 442
Segment (8, 10): 353, 345, 70, 0, 353, 345, 695, 691, 405, 373, 211, 141, 405, 373, 722, 705
Segment (8, 11): 481, 475, 70, 0, 481, 475, 953, 951, 520, 496, 211, 141, 520, 496, 974, 961
Segment (8, 12): 601, 597, 70, 0, 601, 597, 1196, 1194, 633, 613, 211, 141, 633, 613, 1213, 1202
Segment (8, 13): 712, 709, 70, 0, 712, 709, 1419, 1417, 739, 722, 211, 141, 739, 722, 1433, 1424
Segment (8, 14): 811, 808, 70, 0, 811, 808, 1618, 1616, 835, 820, 211, 141, 835, 820, 1630, 1622
Segment (8, 15): 896, 894, 70, 0, 896, 894, 1789, 1787, 918, 905, 211, 141, 918, 905, 1800, 1793
Segment (9, 0): 2687, 2681, 1795, 1787, 906, 894, 24, 0, 2736, 2705, 1860, 1820, 1001, 942, 199, 94
Segment (9, 1): 2431, 2424, 1625, 1616, 822, 808, 27, 0, 2485, 2451, 1696, 1652, 926, 862, 216, 102
Segment (9, 2): 2134, 2126, 1428, 1417, 724, 709, 30, 0, 2195, 2157, 1508, 1458, 842, 769, 239, 115
Segment (9, 3): 1800, 1791, 1206, 1194, 615, 597, 36, 0, 1873, 1828, 1301, 1243, 753, 669, 270, 133
Segment (9, 4): 1438, 1426, 966, 951, 498, 475, 44, 0, 1527, 1472, 1083, 1011, 665, 564, 313, 159
Segment (9, 5): 1052, 1036, 712, 691, 377, 345, 59, 0, 1173, 1099, 867, 773, 589, 463, 372, 198
Segment (9, 6): 655, 629, 453, 419, 259, 210, 87, 0, 839, 728, 680, 546, 546, 383, 453, 259
Segment (9, 7): 280, 211, 227, 141, 182, 70, 151, 0, 619, 435, 593, 399, 574, 372, 563, 355
Segment (9, 8): 221, 70, 210, 0, 221, 70, 252, 141, 633, 425, 629, 419, 633, 425, 645, 442
Segment (9, 9): 297, 210, 210, 0, 297, 210, 469, 419, 663, 469, 629, 419, 663, 469, 756, 593
Segment (9, 10): 404, 345, 210, 0, 404, 345, 722, 691, 718, 543, 629, 419, 718, 543, 934, 808
Segment (9, 11): 520, 475, 210, 0, 520, 475, 974, 951, 788, 634, 629, 419, 788, 634, 1140, 1039
Segment (9, 12): 633, 597, 210, 0, 633, 597, 1212, 1194, 867, 730, 629, 419, 867, 730, 1350, 1266
Segment (9, 13): 739, 709, 210, 0, 739, 709, 1433, 1417, 948, 823, 629, 419, 948, 823, 1551, 1478
Segment (9, 14): 835, 808, 210, 0, 835, 808, 1630, 1616, 1024, 910, 629, 419, 1024, 910, 1734, 1670
Segment (9, 15): 918, 894, 210, 0, 918, 894, 1800, 1787, 1093, 987, 629, 419, 1093, 987, 1895, 1836
Segment (10, 0): 2698, 2681, 1809, 1787, 927, 894, 64, 0, 2828, 2747, 1981, 1875, 1172, 1023, 475, 236
Segment (10, 1): 2443, 2424, 1641, 1616, 845, 808, 71, 0, 2586, 2497, 1828, 1713, 1112, 950, 506, 255
Segment (10, 2): 2147, 2126, 1445, 1417, 750, 709, 80, 0, 2309, 2209, 1656, 1527, 1047, 868, 547, 281
Segment (10, 3): 1816, 1791, 1227, 1194, 646, 597, 93, 0, 2006, 1889, 1472, 1323, 984, 783, 599, 316
Segment (10, 4): 1457, 1426, 992, 951, 536, 475, 112, 0, 1690, 1548, 1288, 1109, 931, 700, 665, 363
Segment (10, 5): 1079, 1036, 747, 691, 427, 345, 143, 0, 1382, 1200, 1120, 900, 900, 632, 747, 427
Segment (10, 6): 697, 629, 508, 419, 334, 210, 194, 0, 1124, 877, 1003, 725, 908, 599, 848, 512
Segment (10, 7): 375, 211, 334, 141, 303, 70, 282, 0, 1004, 676, 987, 652, 976, 635, 968, 624
Segment (10, 8): 353, 70, 345, 0, 353, 70, 373, 141, 1039, 695, 1036, 691, 1039, 695, 1046, 705
Segment (10, 9): 404, 210, 345, 0, 404, 210, 543, 419, 1057, 722, 1036, 691, 1057, 722, 1118, 808
Segment (10, 10): 489, 345, 345, 0, 489, 345, 772, 691, 1092, 772, 1036, 691, 1092, 772, 1246, 977
Segment (10, 11): 588, 475, 345, 0, 588, 475, 1012, 951, 1140, 839, 1036, 691, 1140, 839, 1406, 1175
Segment (10, 12): 690, 597, 345, 0, 690, 597, 1243, 1194, 1196, 913, 1036, 691, 1196, 913, 1581, 1380
Segment (10, 13): 788, 709, 345, 0, 788, 709, 1459, 1417, 1256, 990, 1036, 691, 1256, 990, 1756, 1577
Segment (10, 14): 879, 808, 345, 0, 879, 808, 1653, 1616, 1314, 1063, 1036, 691, 1314, 1063, 1920, 1758
Segment (10, 15): 958, 894, 345, 0, 958, 894, 1820, 1787, 1368, 1130, 1036, 691, 1368, 1130, 2066, 1916
Segment (11, 0): 2712, 2681, 1829, 1787, 956, 894, 119, 0, 2955, 2805, 2143, 1951, 1393, 1131, 789, 411
Segment (11, 1): 2459, 2424, 1662, 1616, 877, 808, 129, 0, 2725, 2561, 2004, 1796, 1347, 1067, 831, 440
Segment (11, 2): 2165, 2126, 1470, 1417, 786, 709, 145, 0, 2464, 2281, 1851, 1620, 1302, 998, 884, 477
Segment (11, 3): 1838, 1791, 1256, 1194, 688, 597, 166, 0, 2185, 1974, 1693, 1431, 1263, 929, 949, 526
Segment (11, 4): 1485, 1426, 1028, 951, 588, 475, 197, 0, 1901, 1650, 1541, 1239, 1239, 869, 1028, 588
Segment (11, 5): 1116, 1036, 795, 691, 493, 345, 242, 0, 1640, 1332, 1417, 1061, 1239, 830, 1122, 666
Segment (11, 6): 754, 629, 579, 419, 424, 210, 310, 0, 1445, 1058, 1349, 930, 1277, 829, 1232, 764
Segment (11, 7): 482, 211, 450, 141, 425, 70, 410, 0, 1383, 921, 1371, 904, 1363, 891, 1357, 883
Segment (11, 8): 481, 70, 475, 0, 481, 70, 496, 141, 1428, 953, 1426, 951, 1428, 953, 1433, 961
Segment (11, 9): 520, 210, 475, 0, 520, 210, 634, 419, 1441, 974, 1426, 951, 1441, 974, 1486, 1039
Segment (11, 10): 588, 345, 475, 0, 588, 345, 839, 691, 1467, 1012, 1426, 951, 1467, 1012, 1585, 1175
Segment (11, 11): 672, 475, 475, 0, 672, 475, 1063, 951, 1503, 1063, 1426, 951, 1503, 1063, 1714, 1344
Segment (11, 12): 763, 597, 475, 0, 763, 597, 1285, 1194, 1546, 1123, 1426, 951, 1546, 1123, 1860, 1526
Segment (11, 13): 853, 709, 475, 0, 853, 709, 1495, 1417, 1592, 1186, 1426, 951, 1592, 1186, 2011, 1707
Segment (11, 14): 937, 808, 475, 0, 937, 808, 1685, 1616, 1639, 1248, 1426, 951, 1639, 1248, 2155, 1875
Segment (11, 15): 1012, 894, 475, 0, 1012, 894, 1849, 1787, 1683, 1305, 1426, 951, 1683, 1305, 2286, 2024
Segment (12, 0): 2730, 2681, 1853, 1787, 991, 894, 181, 0, 3105, 2875, 2331, 2041, 1637, 1256, 1108, 598
Segment (12, 1): 2479, 2424, 1689, 1616, 915, 808, 197, 0, 2887, 2638, 2206, 1894, 1605, 1201, 1157, 634
Segment (12, 2): 2188, 2126, 1500, 1417, 829, 709, 218, 0, 2644, 2367, 2071, 1730, 1576, 1145, 1218, 680
Segment (12, 3): 1865, 1791, 1291, 1194, 738, 597, 247, 0, 2388, 2073, 1936, 1556, 1556, 1092, 1291, 738
Segment (12, 4): 1518, 1426, 1071, 951, 647, 475, 288, 0, 2137, 1770, 1814, 1385, 1553, 1051, 1378, 810
Segment (12, 5): 1160, 1036, 851, 691, 568, 345, 344, 0, 1917, 1481, 1724, 1236, 1574, 1034, 1479, 898
Segment (12, 6): 820, 629, 658, 419, 520, 210, 423, 0, 1768, 1250, 1689, 1140, 1630, 1056, 1594, 1003
Segment (12, 7): 590, 211, 563, 141, 543, 70, 531, 0, 1743, 1157, 1733, 1142, 1727, 1132, 1722, 1126
Segment (12, 8): 601, 70, 597, 0, 601, 70, 613, 141, 1793, 1196, 1791, 1194, 1793, 1196, 1797, 1202
Segment (12, 9): 633, 210, 597, 0, 633, 210, 730, 419, 1804, 1212, 1791, 1194, 1804, 1212, 1840, 1266
Segment (12, 10): 690, 345, 597, 0, 690, 345, 913, 691, 1824, 1243, 1791, 1194, 1824, 1243, 1920, 1380
Segment (12, 11): 763, 475, 597, 0, 763, 475, 1123, 951, 1853, 1285, 1791, 1194, 1853, 1285, 2028, 1526
Segment (12, 12): 844, 597, 597, 0, 844, 597, 1335, 1194, 1888, 1335, 1791, 1194, 1888, 1335, 2153, 1689
Segment (12, 13): 927, 709, 597, 0, 927, 709, 1538, 1417, 1926, 1389, 1791, 1194, 1926, 1389, 2284, 1853
Segment (12, 14): 1005, 808, 597, 0, 1005, 808, 1723, 1616, 1965, 1442, 1791, 1194, 1965, 1442, 2413, 2009
Segment (12, 15): 1075, 894, 597, 0, 1075, 894, 1884, 1787, 2002, 1492, 1791, 1194, 2002, 1492, 2530, 2150
Segment (13, 0): 2750, 2681, 1879, 1787, 1029, 894, 247, 0, 3265, 2952, 2528, 2139, 1884, 1387, 1412, 782
Segment (13, 1): 2501, 2424, 1718, 1616, 957, 808, 267, 0, 3061, 2721, 2416, 2000, 1862, 1341, 1466, 823
Segment (13, 2): 2213, 2126, 1532, 1417, 876, 709, 294, 0, 2835, 2460, 2298, 1846, 1846, 1296, 1532, 876
Segment (13, 3): 1894, 1791, 1329, 1194, 792, 597, 330, 0, 2600, 2180, 2183, 1687, 1841, 1256, 1611, 941
Segment (13, 4): 1554, 1426, 1117, 951, 710, 475, 378, 0, 2377, 1896, 2085, 1535, 1853, 1231, 1703, 1020
Segment (13, 5): 1208, 1036, 910, 691, 644, 345, 443, 0, 2190, 1634, 2020, 1410, 1890, 1231, 1808, 1113
Segment (13, 6): 888, 629, 738, 419, 614, 210, 529, 0, 2076, 1437, 2007, 1341, 1957, 1268, 1927, 1223
Segment (13, 7): 692, 211, 669, 141, 652, 70, 642, 0, 2074, 1375, 2066, 1363, 2060, 1354, 2057, 1349
Segment (13, 8): 712, 70, 709, 0, 712, 70, 722, 141, 2127, 1419, 2126, 1417, 2127, 1419, 2131, 1424
Segment (13, 9): 739, 210, 709, 0, 739, 210, 823, 419, 2136, 1433, 2126, 1417, 2136, 1433, 2167, 1478
Segment (13, 10): 788, 345, 709, 0, 788, 345, 990, 691, 2154, 1459, 2126, 1417, 2154, 1459, 2235, 1577
Segment (13, 11): 853, 475, 709, 0, 853, 475, 1186, 951, 2178, 1495, 2126, 1417, 2178, 1495, 2329, 1707
Segment (13, 12): 927, 597, 709, 0, 927, 597, 1389, 1194, 2208, 1538, 2126, 1417, 2208, 1538, 2438, 1853
Segment (13, 13): 1002, 709, 709, 0, 1002, 709, 1585, 1417, 2241, 1585, 2126, 1417, 2241, 1585, 2555, 2004
Segment (13, 14): 1075, 808, 709, 0, 1075, 808, 1765, 1616, 2274, 1631, 2126, 1417, 2274, 1631, 2670, 2150
Segment (13, 15): 1140, 894, 709, 0, 1140, 894, 1923, 1787, 2306, 1675, 2126, 1417, 2306, 1675, 2777, 2281
Segment (14, 0): 2771, 2681, 1906, 1787, 1068, 894, 311, 0, 3425, 3029, 2721, 2237, 2118, 1516, 1690, 953
Segment (14, 1): 2524, 2424, 1747, 1616, 999, 808, 335, 0, 3232, 2806, 2620, 2105, 2105, 1477, 1747, 999
Segment (14, 2): 2239, 2126, 1566, 1417, 923, 709, 366, 0, 3021, 2554, 2516, 1962, 2099, 1441, 1817, 1056
Segment (14, 3): 1924, 1791, 1368, 1194, 845, 597, 408, 0, 2806, 2287, 2417, 1815, 2105, 1412, 1899, 1126
Segment (14, 4): 1591, 1426, 1164, 951, 772, 475, 462, 0, 2606, 2020, 2337, 1680, 2129, 1400, 1995, 1209
Segment (14, 5): 1255, 1036, 969, 691, 718, 345, 533, 0, 2445, 1781, 2291, 1574, 2175, 1412, 2103, 1307
Segment (14, 6): 955, 629, 814, 419, 701, 210, 625, 0, 2355, 1611, 2295, 1525, 2250, 1460, 2224, 1420
Segment (14, 7): 785, 211, 765, 141, 750, 70, 741, 0, 2370, 1570, 2363, 1559, 2358, 1552, 2355, 1547
Segment (14, 8): 811, 70, 808, 0, 811, 70, 820, 141, 2425, 1618, 2424, 1616, 2425, 1618, 2428, 1622
Segment (14, 9): 835, 210, 808, 0, 835, 210, 910, 419, 2433, 1630, 2424, 1616, 2433, 1630, 2460, 1670
Segment (14, 10): 879, 345, 808, 0, 879, 345, 1063, 691, 2449, 1653, 2424, 1616, 2449, 1653, 2521, 1758
Segment (14, 11): 937, 475, 808, 0, 937, 475, 1248, 951, 2470, 1685, 2424, 1616, 2470, 1685, 2604, 1875
Segment (14, 12): 1005, 597, 808, 0, 1005, 597, 1442, 1194, 2497, 1723, 2424, 1616, 2497, 1723, 2702, 2009
Segment (14, 13): 1075, 709, 808, 0, 1075, 709, 1631, 1417, 2526, 1765, 2424, 1616, 2526, 1765, 2808, 2150
Segment (14, 14): 1143, 808, 808, 0, 1143, 808, 1807, 1616, 2555, 1807, 2424, 1616, 2555, 1807, 2913, 2285
Segment (14, 15): 1205, 894, 808, 0, 1205, 894, 1961, 1787, 2584, 1847, 2424, 1616, 2584, 1847, 3012, 2410
Segment (15, 0): 2791, 2681, 1932, 1787, 1105, 894, 370, 0, 3574, 3103, 2898, 2328, 2328, 1634, 1932, 1105
Segment (15, 1): 2545, 2424, 1776, 1616, 1039, 808, 397, 0, 3391, 2885, 2806, 2204, 2322, 1602, 1992, 1153
Segment (15, 2): 2263, 2126, 1597, 1417, 967, 709, 432, 0, 3193, 2642, 2713, 2069, 2324, 1572, 2064, 1214
Segment (15, 3): 1953, 1791, 1405, 1194, 894, 597, 478, 0, 2993, 2386, 2627, 1933, 2338, 1552, 2149, 1287
Segment (15, 4): 1626, 1426, 1208, 951, 829, 475, 537, 0, 2811, 2134, 2561, 1811, 2369, 1549, 2247, 1374
Segment (15, 5): 1300, 1036, 1023, 691, 784, 345, 613, 0, 2671, 1914, 2529, 1721, 2423, 1571, 2358, 1475
Segment (15, 6): 1016, 629, 883, 419, 777, 210, 708, 0, 2599, 1765, 2544, 1685, 2504, 1626, 2479, 1590
Segment (15, 7): 867, 211, 848, 141, 834, 70, 826, 0, 2625, 1739, 2619, 1729, 2614, 1722, 2612, 1718
Segment (15, 8): 896, 70, 894, 0, 896, 70, 905, 141, 2682, 1789, 2681, 1787, 2682, 1789, 2685, 1793
Segment (15, 9): 918, 210, 894, 0, 918, 210, 987, 419, 2689, 1800, 2681, 1787, 2689, 1800, 2713, 1836
Segment (15, 10): 958, 345, 894, 0, 958, 345, 1130, 691, 2703, 1820, 2681, 1787, 2703, 1820, 2768, 1916
Segment (15, 11): 1012, 475, 894, 0, 1012, 475, 1305, 951, 2723, 1849, 2681, 1787, 2723, 1849, 2844, 2024
Segment (15, 12): 1075, 597, 894, 0, 1075, 597, 1492, 1194, 2747, 1884, 2681, 1787, 2747, 1884, 2935, 2150
Segment (15, 13): 1140, 709, 894, 0, 1140, 709, 1675, 1417, 2773, 1923, 2681, 1787, 2773, 1923, 3032, 2281
Segment (15, 14): 1205, 808, 894, 0, 1205, 808, 1847, 1616, 2800, 1961, 2681, 1787, 2800, 1961, 3130, 2410
Segment (15, 15): 1264, 894, 894, 0, 1264, 894, 1998, 1787, 2826, 1998, 2681, 1787, 2826, 1998, 3222, 2528
